5907 5322 2.4
3259 66 3
5878 2091 0.3
1437 6506 2.26
5818 6668 0.3
5275 5307 3
4652 1333 0.3
4203 6926 0.3
1973 5818 3
294 2962 1.65
16 1732 0.3
6564 4506 2
1957 5933 1.65
1462 4675 0.3
1586 3506 4
1151 327 0.3
2443 327 0.3
171 693 0.3
683 1844 0.3
6682 604 0.3
2097 133 0.3
2443 306 0.3
366 5382 0.3
587 6804 0.3
174 20 0.3
2443 3253 0.3
4683 3621 0.3
1498 6651 4
1611 189 0.3
340 5206 3
896 2464 0.3
683 1406 0.3
5593 580 0.3
4164 5203 0.3
6887 1330 0.3
6572 6571 2
301 949 0.3
1611 3405 0.3
545 4133 0.3
1852 2303 0.3
1765 6879 0.3
6698 842 0.3
6740 66 0.3
3251 303 0.3
6355 966 0.3
148 15 0.3
3221 2977 0.3
6696 1499 0.3
2208 4861 0.3
1173 3611 0.3
545 600 0.3
12 2932 3
1116 3447 0.3
3827 6532 0.3
3828 6532 0.3
6619 6620 2
3837 6422 0.3
937 478 0.3
813 3343 0.3
3447 6919 0.3
2217 2218 0.3
1020 301 0.3
540 4388 0.3
6229 189 0.3
4071 4800 0.3
5025 1330 0.3
6682 6230 2.15
744 2254 0.3
1498 2298 0.3
600 327 0.3
4652 2260 0.3
3343 896 0.3
1506 1333 0.3
6613 6612 0.3
6697 2303 0.3
1499 439 0.3
6530 3646 1.15
5452 4689 3
5840 4709 0.3
4613 5218 0.3
6355 6697 0.3
6473 2978 0.3
225 6750 0.3
2443 4675 0.3
4381 5393 4
1586 4447 4
6391 5640 0.3
3253 2108 0.3
4331 3632 0.3
176 2118 1.07142857143
4652 1852 0.3
242 6918 0.3
1199 1333 0.3
1437 6563 2
3837 6702 0.3
5603 2097 0.3
3837 2714 0.3
545 1151 0.3
587 4133 0.3
295 4221 0.3
2905 991 0.3
1020 4099 0.3
949 1644 0.3
301 327 0.3
545 6230 0.3
1596 469 0.3
1974 1908 4
6640 21 3
6724 672 0.3
6741 788 0.3
897 2823 0.3
1199 6355 0.3
2843 3172 0.3
1611 1005 0.3
494 1781 0.3
1173 842 0.3
3356 1135 0.3
2260 2303 0.3
1521 1522 0.3
300 3553 0.3
5915 6072 0.3
1250 3554 0.3
1688 1366 0.3
2081 6825 0.3
6648 1020 0.3
600 1330 0.3
2081 1116 0.3
788 1462 0.3
4525 2091 0.3
5749 2677 4
6395 6315 0.3
604 4133 0.3
1548 1567 0.3
546 4666 4
66 1462 0.3
1330 288 0.3
813 1852 0.3
2081 1031 0.3
5103 3405 0.3
6148 6586 0.3
3646 4642 2
6648 458 0.3
4560 4692 2
6694 3397 0.3
1763 305 0.3
6171 4202 0.3
5244 4202 0.3
6189 6336 0.3
1339 1631 2
1151 66 0.3
2446 5610 0.3
743 447 0.3
1771 6337 0.3
6710 1067 0.3
876 6833 0.3
6698 813 0.3
2281 3706 0.3
6696 1250 0.3
6508 5979 4
580 325 0.3
602 300 0.3
407 999 0.3
2418 6334 3
123 6918 0.3
6545 6544 1.65
5928 5929 0.3
410 1383 0.3
1005 66 0.3
1943 5488 2
3835 6215 0.3
787 3251 0.3
1173 1499 0.3
2714 3404 0.3
4652 3611 0.3
6878 4332 0.3
1003 788 0.3
1228 3285 0.3
4930 3071 0.3
2260 1333 0.3
5608 6916 0.3
6425 5488 1
1499 842 0.3
4611 133 0.3
787 876 0.3
4164 6707 0.3
1546 5593 0.3
514 4071 0.3
5470 2889 0.3
1521 306 0.3
299 602 0.3
6227 4950 3
171 1333 0.3
5289 4579 0.3
5288 2630 0.3
6148 3889 3
4517 2591 1
5206 6556 3
1250 3343 0.3
545 458 0.3
5524 1298 0.3
6698 1316 0.3
1732 678 0.3
6745 6744 0.3
3686 1330 0.3
5821 447 0.3
5061 4554 0.3
6919 325 0.3
1003 189 0.3
19 6918 0.3
1121 143 0.3
3530 262 0.3
1129 6250 0.3
6532 4576 0.3
6230 300 0.3
57 6907 0.3
518 6 0.3
3864 5288 0.3
99 368 0.3
5624 1129 0.3
221 118 4
1383 831 0.3
4624 5832 3
6230 600 0.3
600 300 0.3
1546 4963 0.3
243 123 0.3
743 5593 0.3
225 6307 0.3
56 286 0.3
6230 4850 2
1922 5372 0.3
6355 1596 0.3
2518 3465 0.3
5025 288 0.3
2512 226 0.3
365 2158 0.3
3288 49 0.3
76 3170 1.9
225 1031 0.3
1972 1292 0.3
4933 2977 0.3
243 6187 0.3
1732 1116 0.3
3085 2677 0.3
4652 813 0.3
6229 3251 0.3
3356 137 0.3
3544 1361 0.3
2052 1139 0.3
545 1020 0.3
2443 66 0.3
225 1116 0.3
16 4989 0.3
5617 3891 0.3
6919 447 0.3
3253 189 0.3
1116 309 0.3
4292 6648 0.3
1852 966 0.3
5680 580 0.3
841 676 2.15
6531 2376 0.3
4950 6713 3
5216 1415 0.3
3447 447 0.3
242 743 0.3
3837 3402 0.3
5609 977 0.3
1250 1316 0.3
4133 1330 0.3
602 3553 0.3
6740 3405 0.3
19 309 0.3
5442 5322 0.3
1844 129 0.3
171 3554 0.3
6696 1596 0.3
6865 1649 0.3
1206 6315 0.3
1498 6652 4
6698 3554 0.3
1123 521 2.43333333333
2436 2432 2
6770 1246 0.3
2260 6698 0.3
6508 6030 4
545 6648 0.3
6887 600 0.3
1564 1567 0.3
2857 75 0.3
2303 1596 0.3
514 4800 0.3
4447 2330 4
4432 3086 3
1611 288 0.3
135 129 0.3
4933 3221 0.3
1479 6911 0.3
365 123 0.3
1031 3447 0.3
2303 1316 0.3
2272 777 0.3
6870 5406 0.3
3208 6660 0.3
4815 3407 0.3
6695 123 0.3
745 6668 0.3
2231 1031 0.3
2093 831 0.3
6147 6633 0.3
1250 2303 0.3
4727 5282 4
242 3447 0.3
6782 2745 0.3
4652 1506 0.3
302 327 0.3
4833 1031 0.3
545 4292 0.3
6230 949 0.3
1703 3407 0.3
3864 5103 0.3
5603 4424 0.3
6416 752 0.3
4517 6473 1
6793 3291 0.3
6229 6230 0.3
6529 6597 2
2443 600 0.3
3864 883 2
3824 60 3
4522 3794 4
6668 2254 0.3
4282 490 0.3
6918 447 0.3
3253 600 0.3
2531 5570 0.3
6 1531 0.3
6818 189 0.3
6230 327 0.3
6571 5907 4
6696 3611 0.3
4596 5775 4
3209 6517 2.76666666667
6666 6931 0.3
602 288 0.3
171 469 0.3
1316 2464 0.3
4652 896 0.3
6811 5097 0.3
2446 2714 0.3
1611 66 0.3
4837 6187 0.3
4388 4675 0.3
6727 6726 0.3
4596 897 2.15
4639 6015 4
3259 5343 3
1235 2713 0.3
1031 1116 0.3
516 4408 0.3
6767 66 0.3
238 2691 0.3
299 301 0.3
494 1688 0.3
6682 300 0.3
368 4065 0.3
6651 4645 4
6682 6887 0.3
6355 469 0.3
6519 5161 2.15
6778 5303 0.3
171 896 0.3
545 2907 0.3
5385 6645 4
1611 1361 0.3
6509 3794 3
2260 6355 0.3
1506 1316 0.3
3259 6537 4
55 286 0.3
743 122 0.3
327 1567 0.3
604 3251 0.3
5878 4525 0.3
6755 3799 0.3
5850 1611 0.3
66 6887 0.3
580 122 0.3
1173 3343 0.3
1 6593 4
6517 6735 0.3
1499 948 0.3
193 323 0.3
4611 894 0.3
1203 4048 0.3
2093 977 0.3
1499 966 0.3
3537 1550 0.3
243 3447 0.3
5834 4950 3
3259 6004 3
5244 4062 0.3
813 3611 0.3
21 6334 2
6901 2407 0.3
496 898 0.3
57 3891 4
6148 6587 0.3
4202 4062 0.3
1723 1272 3
600 876 0.3
1462 1361 0.3
3209 6735 0.3
3647 76 1.9
5445 5942 3
6683 4451 0.3
6227 6713 1.65
1333 2464 0.3
242 447 0.65
6742 189 0.3
5288 3405 0.3
1199 6697 0.3
2714 3402 0.3
2681 5133 0.3
1199 2464 0.3
1703 4388 0.3
898 1679 0.3
5907 5976 2.43333333333
4203 6927 0.3
1121 1783 0.3
2097 2027 0.3
3102 1781 0.3
5500 3814 0.3
6355 813 0.3
604 1567 0.3
1383 5609 0.3
1548 288 0.3
346 6202 0.3
300 949 0.3
2045 66 0.3
6697 1852 0.3
365 447 0.3
6264 87 0.3
1957 5968 4
2907 1361 0.3
6698 1499 0.3
1479 3553 0.3
1506 896 0.3
6947 6946 0.3
3835 3291 0.3
6231 788 0.3
6518 5067 0.3
158 2522 0.3
896 1596 0.3
242 123 0.3
5704 3935 2
6597 6598 0.866666666667
1199 6698 0.3
1546 2774 0.3
2287 6838 0.3
1957 1958 0.3
189 2907 0.3
6833 1361 0.3
5444 5935 0.3
66 604 0.3
92 4900 0.3
2487 1645 0.3
439 1596 0.3
1611 327 0.3
6804 6805 0.3
66 2599 0.3
6696 3343 0.3
6682 66 0.3
2081 4970 0.3
5716 5231 0.3
2029 5596 0.3
6516 6517 4
1173 3554 0.3
758 6623 0.3
345 346 0.3
3686 545 0.3
3828 6531 0.3
4652 6696 0.3
5609 831 0.3
1006 4846 0.3
6732 6704 2
4621 6441 0.3
3031 2952 3
243 6918 0.3
1611 306 0.3
2118 1605 3
1383 977 0.3
1020 300 0.3
2081 1732 0.3
1852 2464 0.3
6741 3405 0.3
1781 2158 0.3
6918 306 0.3
3251 1462 0.3
4675 6833 0.3
288 1567 0.3
6106 739 0.3
6773 3407 0.3
6205 5215 0.3
1984 5565 0.3
2443 545 0.3
2081 19 0.3
4837 1118 0.3
604 306 0.3
683 135 0.3
6584 991 0.3
813 2303 0.3
4993 5203 0.3
1546 6918 0.3
2591 2978 0.3
3285 4002 0.3
6818 5724 0.3
75 3093 0.3
604 4675 0.3
1383 2093 0.3
243 19 0.3
5935 4554 0.3
1852 3554 0.3
545 6231 0.3
2390 3054 0.3
3686 189 0.3
41 4393 0.3
1781 1366 0.3
4344 6125 0.3
2260 469 0.3
5715 1086 0.3
66 5288 0.3
6887 306 0.3
299 5004 0.3
2989 76 1.9
4652 6698 0.3
3915 6051 0.3
298 4531 3
1005 1361 0.3
4292 4388 0.3
6685 3405 2
6793 6884 0.3
191 589 4
4547 1914 3
1121 1122 0.3
1548 604 0.3
3686 876 0.3
876 288 0.3
3122 268 0.3
6205 6250 0.3
6697 896 0.3
1964 6627 0.3
6230 6887 0.3
508 6672 0.3
5025 4675 0.3
1453 1914 3
1406 129 0.3
6746 2703 0.3
2435 317 0.3
4447 3506 4
4652 6355 0.3
63 619 0.3
6745 4236 0.3
6749 5915 0.3
3447 5593 0.3
302 876 0.3
6538 3110 0.3
688 5680 0.3
4047 6603 4
4083 3406 0.3
4652 3343 0.3
6512 3792 3
1948 4388 0.3
6781 3594 0.3
1611 2108 0.3
2097 6933 0.3
2055 4930 0.3
3170 3173 4
496 1679 0.3
6697 469 0.3
2255 2254 0.3
6698 1596 0.3
1765 2780 0.3
1611 3544 0.3
2518 539 0.3
4965 2666 1.15
1521 1567 0.3
63 1357 0.3
4689 6947 0.3
1250 2464 0.3
1116 678 0.3
5676 5593 0.3
3343 3554 0.3
2108 288 0.3
2857 3093 0.3
6266 1649 0.3
340 4381 3
1765 366 0.3
2989 3170 1.2
4378 1462 0.3
545 4378 4
604 949 0.3
3209 3417 2.15
600 4133 0.3
1583 1632 0.3
1330 4675 1.65
6187 19 0.3
5850 2443 0.3
6405 122 0.3
6187 6918 0.3
915 617 0.3
1703 6648 1.2
2151 6311 0.3
6472 6057 0.3
3253 302 0.3
2592 6870 0.3
2592 5406 0.3
1250 1499 0.3
1611 1644 0.3
2456 2910 0.3
2700 6921 0.3
6586 281 0.3
3651 4585 0.3
6230 306 0.3
5260 5259 2
189 2630 0.3
1506 439 0.3
876 1361 0.3
1568 1567 0.3
365 6405 0.3
5133 2029 0.3
1151 788 0.3
600 306 0.3
243 122 0.3
5680 1292 0.3
6696 469 0.3
5288 3251 0.3
171 3611 0.3
66 1567 0.3
1506 6355 0.3
66 4099 0.3
66 189 1.07142857143
2443 1330 0.3
6565 6566 3
2683 4292 0.3
6457 5096 0.3
3253 1361 0.3
19 6919 0.3
5778 4108 4
600 3544 0.3
2629 871 2
1611 6682 0.3
6680 3794 4
604 327 0.3
6168 6767 0.3
6697 439 0.3
3751 2707 0.3
77 2356 0.3
171 6355 0.3
302 306 0.3
2446 3837 0.3
1199 171 0.3
3991 6596 0.3
2591 6870 0.3
4388 66 0.3
255 2432 1.15
5887 3216 0.3
161 857 0.3
6391 3980 0.3
675 6018 3
4522 6677 4
306 327 0.3
3674 1644 0.3
3611 2464 0.3
1122 143 0.3
165 132 0.3
842 896 0.3
545 3253 0.3
345 6777 0.3
2721 1807 0.3
1611 604 0.3
2894 452 0.3
3290 6016 0.3
3686 949 0.3
1506 3343 0.3
1852 1316 0.3
600 3251 0.3
600 1644 0.3
1250 1852 0.3
6238 1746 4
3501 4249 0.3
2446 6702 0.3
1100 1276 0.3
6614 723 3
3815 6660 0.3
1020 3407 0.3
66 4675 0.3
5042 1562 4
338 465 0.3
5570 6940 0.3
6187 1329 0.3
6790 4826 0.3
1703 458 0.3
270 6219 0.3
4522 5323 3
1732 309 0.3
5850 327 0.3
2303 3611 0.3
2634 6866 0.3
693 6355 0.3
2390 6315 0.3
1506 6698 0.3
3356 2681 0.3
1031 4989 0.3
6756 4569 0.3
876 3544 0.3
2443 6887 0.3
6187 325 0.3
1506 2464 0.3
5442 5976 0.3
5445 5252 3
2303 2464 0.3
1611 1548 0.3
3023 3128 0.3
1471 2832 0.3
4179 6418 0.3
4402 2905 0.3
2589 5750 0.3
1938 2282 0.3
6919 5593 0.3
818 3285 0.3
3996 2390 4
6360 3335 0.3
1199 813 0.3
693 3554 0.3
1479 6910 0.3
2260 1316 0.3
365 122 0.3
1506 693 0.3
2081 3447 0.3
1406 135 0.3
1377 973 0.3
1611 6230 0.3
2510 1550 0.3
3253 2249 0.3
545 1330 0.3
913 897 0.3
6175 967 0.3
5004 301 0.3
2684 820 4
1611 545 0.3
3837 5993 0.3
6227 6250 0.3
3991 3811 4
758 6671 0.3
2330 3405 0.3
742 31 0.3
1002 2568 0.3
3253 604 0.3
3544 306 0.3
2443 6230 0.3
6698 1852 0.3
1387 3291 0.3
4529 5832 4
6564 3793 2
365 306 0.3
294 1069 1.65
6355 1316 0.3
6768 4794 0.3
1250 1333 0.3
151 197 0.3
5372 991 0.3
4226 5216 0.3
521 4304 3
5266 3852 0.3
6781 6780 0.3
3253 4675 1.65
2260 3611 0.3
301 3553 0.3
6230 1644 0.3
6697 1316 0.3
388 6441 0.3
1611 3251 0.3
949 327 0.3
1453 4547 3
2523 5416 0.3
2287 6922 0.3
2634 6301 0.3
2278 2356 1.15
545 1005 0.3
3041 1644 0.725
302 3544 0.3
4292 1020 0.3
693 2464 0.3
1973 6668 0.3
6682 306 0.3
1173 896 0.3
6422 2714 0.3
3054 6315 0.3
6405 19 0.3
773 2909 0.3
1506 3611 0.3
4532 3963 4
4652 693 0.3
842 3611 0.3
5818 5935 0.3
5025 300 0.3
1499 1852 0.3
2303 896 0.3
3356 5133 0.3
2260 1199 0.3
6384 2330 2.43333333333
4292 458 0.3
5823 6855 0.3
788 6384 0.3
65 183 0.3
5842 4202 0.3
5840 5125 0.3
675 4344 0.3
1938 1737 0.3
6698 6696 0.3
6726 1086 0.3
1173 469 0.3
299 300 0.3
6682 301 0.3
4993 4164 0.3
1569 1564 0.3
4652 2464 0.3
6519 5160 2.1
306 325 0.3
66 2330 0.3
5004 3553 0.3
1548 66 0.3
1964 3170 4
1324 659 0.3
5455 5865 3
2633 6301 0.3
4424 6933 0.3
5817 41 0.3
410 5609 0.3
693 1852 0.3
6691 6690 4
6461 281 4
4815 5711 0.3
2584 3216 0.3
600 1462 0.3
4970 1732 0.3
6887 4675 0.3
243 447 0.3
6240 4861 0.3
3611 1333 0.3
74 661 0.3
6229 2630 0.3
63 933 0.3
3417 6631 4
407 1936 0.3
3544 6833 0.3
1005 883 4
2280 2106 3
5942 3193 3
4195 1955 3
1998 5393 4
6767 458 0.3
1122 1783 0.3
4639 1068 3
514 2382 0.3
1569 1567 0.3
693 469 0.3
6816 1355 0.3
3686 4675 0.3
77 6851 0.3
436 902 0.3
3343 966 0.3
3251 327 0.3
3686 327 0.3
604 5025 0.3
545 3544 0.3
1923 2474 0.3
6106 1388 0.3
6405 6919 0.3
1548 5695 0.3
242 6405 0.3
6571 5314 4
1024 3461 0.3
1859 1511 0.3
5935 6668 0.3
744 745 0.3
1199 1596 0.3
6740 6742 0.3
3686 600 0.3
3251 4675 0.3
6692 6690 4
788 6887 0.3
842 2464 0.3
6710 1501 0.3
1379 1415 0.3
5028 2648 0.3
4388 1020 0.3
6405 306 0.3
3253 2907 0.3
3102 1366 0.3
6682 1644 0.3
6696 2303 0.3
5935 744 0.3
410 977 0.3
693 896 0.3
2443 3251 0.3
16 4970 0.3
4524 2102 0.3
3318 661 0.3
545 3407 0.3
242 122 0.3
1881 2334 0.3
826 6953 0.3
1173 6698 0.3
6292 6876 0.3
1521 1564 0.3
3794 5404 4
452 5893 0.3
300 306 0.3
6887 327 0.3
439 2464 0.3
2303 3554 0.3
4051 2672 0.3
6877 6876 0.3
5850 545 2.15
1940 1216 4
6266 6865 0.3
5993 6643 0.3
2050 3581 0.3
365 1366 0.3
3397 579 0.3
1837 1419 0.3
3686 3251 0.3
2231 726 0.3
6193 6943 0.3
19 306 0.3
4727 4529 4
6377 5444 0.3
3837 6643 0.3
4652 6697 0.3
6767 3407 0.3
4961 705 0.3
6652 4645 4
99 579 0.3
6697 3554 0.3
1206 2106 3
243 6919 0.3
1611 301 0.3
6704 6949 2
3259 2330 4
496 773 0.3
66 1521 0.3
2441 6264 0.3
842 2303 0.3
4133 5025 0.3
2303 966 0.3
678 309 0.3
3251 4133 0.3
6767 602 0.3
302 6833 0.3
2630 3405 0.3
1151 6705 0.3
5737 5335 1
6137 2390 0.3
1199 1250 0.3
4545 5439 3
6794 3674 0.3
6231 787 0.3
395 4837 0.3
368 181 0.3
3980 726 0.3
2759 3405 2
1546 6919 0.3
6187 122 0.3
2368 6602 1.65
896 1333 0.3
4652 1596 0.3
6264 1271 0.3
6910 6911 0.3
6229 3864 0.3
439 966 0.3
6377 2254 0.3
688 580 0.3
1228 3567 0.3
243 1546 0.3
1171 2138 1.15
1922 991 0.3
2097 4424 0.3
19 5593 0.3
66 1330 0.3
3356 2029 0.3
4388 1361 0.3
4529 4499 3
4849 4663 3
5907 5314 1.93333333333
4624 4161 4
5993 2714 0.3
3318 1356 0.3
4449 6107 0.3
151 134 0.3
2708 4306 0.3
189 2330 0.3
554 330 0.3
3611 3554 0.3
4639 478 3
6215 1387 0.3
225 4970 0.3
6651 6650 4
2883 1243 4
1479 301 0.3
2260 1499 0.3
301 288 0.3
243 743 0.3
189 3405 0.725
545 1462 0.3
4652 966 0.3
2260 966 0.3
2382 4800 0.3
3686 301 0.3
4051 3185 4
813 1250 0.3
1003 2249 0.3
4208 2677 0.3
452 2334 0.3
6740 2330 0.3
545 288 0.3
842 1596 0.3
1922 6584 0.3
365 580 0.3
171 1852 0.3
813 469 0.3
1936 132 0.3
743 6919 0.3
600 1361 0.3
1173 1316 0.3
66 3544 0.3
466 991 0.3
3016 496 0.3
55 56 0.3
5772 1644 0.3
1199 842 0.3
3794 5832 4
2604 6329 2
6794 1005 0.3
3530 158 0.3
2443 1151 0.3
2376 4649 4
1330 327 0.3
1972 580 0.3
2603 2351 0.3
6603 4454 2
3354 3086 3
421 2888 0.3
171 1316 0.3
693 1499 0.3
4388 3544 0.3
300 327 0.3
6229 5103 0.3
6187 6919 0.3
6682 3251 2.15
6231 876 0.3
6389 6317 0.3
340 6493 4
6780 3594 0.3
3927 6724 0.3
2501 1056 0.3
5025 327 0.3
301 4675 0.3
330 577 0.3
6698 3343 0.3
1945 486 2
4388 458 0.3
394 4969 0.3
3105 135 1.65
6887 1644 0.3
2599 306 0.3
2443 3544 0.3
4639 1979 4
6168 3553 0.3
3686 4133 0.3
299 3553 0.3
788 3405 0.3
6775 5423 0.3
1506 1250 0.3
6405 743 0.3
3811 6495 2.15
6918 325 0.3
395 6187 0.3
242 5593 0.3
4292 1350 0.3
3253 1521 0.3
6390 3980 0.3
1732 3447 0.3
1997 3118 0.3
6887 949 0.3
3253 876 0.3
63 915 0.3
1852 3611 0.3
327 1644 0.3
3447 6918 0.3
6422 3402 0.3
3209 31 0.3
189 1361 0.3
6600 6599 0.3
3105 6663 3
6696 966 0.3
587 1644 0.3
6187 6405 0.3
123 122 0.3
4356 135 0.3
6347 110 0.3
3794 3846 3
3927 672 2.76666666667
4534 2952 3
545 306 0.3
604 2108 0.3
4970 309 0.3
6602 3504 3
4963 2774 0.3
760 4332 0.3
1943 5387 3
1546 365 0.3
5850 1151 0.3
19 325 0.3
3864 3405 2.1
1781 1335 0.3
6896 6315 0.3
66 2907 0.3
933 619 0.3
6696 439 0.3
3915 3914 1.2
2443 949 0.3
306 580 0.3
413 5826 0.3
6405 5593 0.3
5025 876 0.3
466 6584 0.3
66 2759 3
6171 3927 3
483 6106 0.3
4956 5526 0.3
466 4544 0.3
1024 321 4
966 1333 0.3
6927 6926 0.3
4596 6028 3
3102 2158 0.3
949 2249 0.3
4815 2656 0.3
411 2785 0.3
2020 2074 0.3
790 2656 0.3
5515 4074 3
3837 3404 0.3
1171 5699 0.3
148 574 0.3
19 122 0.3
4652 1316 0.3
1732 4989 0.3
189 1330 0.3
1703 1020 0.3
1919 1918 4
4652 171 0.3
1737 2282 0.3
604 600 0.3
2260 1596 0.3
6794 4133 0.3
1498 6650 4
1611 4133 0.3
1499 2464 0.3
5743 5420 0.3
1948 6648 0.3
3554 1596 0.3
6227 1129 0.3
1306 4301 0.3
6227 5834 0.975
6767 300 0.3
1611 4675 0.3
3251 301 0.3
6698 3611 0.3
4133 4675 0.3
299 1020 0.3
910 2493 3
4408 67 0.3
2347 452 0.3
1611 6231 0.3
3437 2889 0.3
5539 3553 1
299 1479 0.3
3846 5305 3
5004 300 0.3
1199 966 0.3
413 1104 0.3
1330 1644 0.3
3991 3812 4
6550 2493 4
171 966 0.3
4506 3793 2
1306 5110 0.3
1623 6114 0.3
966 948 0.3
1091 1335 0.3
5878 2984 0.3
2152 3623 0.3
3544 327 0.3
410 2093 0.3
1206 2280 3
545 66 0.3
4887 65 0.3
6763 1886 0.3
539 3291 0.3
693 842 0.3
1173 1250 0.3
4970 1031 0.3
842 1316 0.3
1705 86 0.3
5704 2118 2
883 5161 4
4652 842 0.3
4388 3407 0.3
6885 505 0.3
3486 2556 0.3
6168 66 0.3
1199 2303 0.3
2232 1477 2
6887 288 0.3
6231 2907 0.3
15 2488 0.3
299 4099 0.3
760 6878 0.3
3072 6940 0.3
5749 2789 4
2390 4907 0.3
1199 1499 0.3
4554 745 0.3
439 1316 0.3
171 1596 0.3
6230 5103 0.3
2045 6384 0.3
4652 1499 0.3
1199 3611 0.3
6694 30 0.3
5854 413 0.3
842 1333 0.3
545 788 0.3
99 151 0.3
66 876 0.3
6573 5458 2
5025 301 0.3
19 678 0.3
171 1506 0.3
3354 1068 4
5850 3544 0.3
148 317 0.3
5877 339 0.3
790 31 0.3
2260 1852 0.3
3354 4639 4
6698 6697 0.3
3876 726 3
3835 1387 0.3
1611 6833 0.3
6860 135 0.3
6925 6927 0.3
171 6697 0.3
788 2907 0.3
225 678 0.3
171 842 0.3
1387 3465 0.3
4156 726 0.3
1688 2158 0.3
2402 1297 0.3
820 6310 0.3
4837 447 0.3
1546 306 0.3
299 288 0.3
6696 1852 0.3
1104 5826 0.3
4664 4663 0.3
6377 6668 0.3
5061 6668 0.3
2231 4156 0.3
365 325 0.3
2418 21 2.075
171 3343 0.3
5125 1471 0.3
693 1333 0.3
5872 2726 0.3
2443 876 0.3
1506 842 0.3
1611 788 0.3
4099 300 0.3
6667 6498 2
600 288 0.3
910 6034 3
1316 1333 0.3
1820 6784 0.3
2435 2488 0.3
4652 3554 0.3
6900 6902 0.3
222 4611 0.3
2443 302 0.3
6767 1479 0.3
4226 1415 0.3
1135 2029 0.3
300 288 0.3
6230 288 0.3
3794 4568 4
77 2130 2
1548 2108 0.3
6518 5068 0.3
4652 439 0.3
2889 6842 0.3
66 301 0.3
2435 574 0.3
5626 6601 0.3
123 1788 0.3
5025 1644 0.3
4089 6311 0.3
2208 6924 0.3
6645 5976 4
4203 6925 0.3
4639 5337 4
6692 6691 4
6384 3405 0.3
1844 1406 0.3
66 5004 0.3
6187 306 0.3
788 1361 0.3
5444 745 0.3
171 813 0.3
6473 6716 1
546 6332 4
6890 777 0.3
6742 66 0.3
99 134 0.3
545 4388 0.3
4292 140 1.9
4837 4836 0.3
6355 6698 0.3
3537 2011 0.3
6810 4208 0.3
693 6696 0.3
1329 447 0.3
1173 6697 0.3
301 1644 0.3
3259 1586 4
1625 5912 0.3
2443 288 0.3
1498 4645 4
5314 5322 1.9875
66 602 0.3
74 1356 1.65
6230 3864 2.15
6473 2591 0.475
6503 6504 1
3686 6230 0.3
388 705 3
3318 74 0.3
6571 5458 2
295 3564 0.3
2649 3638 0.3
3105 6860 0.3
3929 672 3
3554 469 0.3
3827 6531 0.711111111111
1844 135 0.3
171 2464 0.3
6377 5061 0.3
6231 1361 0.3
5061 744 0.3
2510 3537 0.3
4587 5310 0.3
2045 6740 0.3
5343 6550 4
1611 300 0.3
1131 73 3
302 66 0.3
6533 5349 4
1571 5640 0.3
4388 600 0.3
3041 3674 0.3
1925 1450 2
6250 5215 0.3
494 1366 0.3
1173 439 0.3
6573 6571 2
545 6682 0.3
745 2254 0.3
189 1462 0.3
813 966 0.3
3343 1333 0.3
4001 6634 3
2984 2091 0.3
5067 5068 0.3
2989 3647 1.9
6187 123 0.3
602 301 0.3
875 873 0.3
3285 4864 0.3
273 991 0.3
6377 2255 0.3
1852 1333 0.3
1952 1937 0.3
6714 5096 0.3
3447 122 0.3
388 1262 4
6187 580 0.3
1522 2072 0.3
19 4989 0.3
22 23 0.3
6432 4786 0.3
3102 1688 0.3
5822 5577 0.3
496 2909 0.3
6229 66 0.3
483 739 0.3
1625 1583 0.3
2260 439 0.3
933 1357 0.3
6742 788 0.3
3830 4164 1.32
1479 300 0.3
6231 6887 0.3
6355 1499 0.3
5103 2630 0.3
518 1531 0.3
1499 1596 0.3
1852 1596 0.3
1922 4544 0.3
4203 5231 0.3
483 1388 0.3
3686 300 0.3
604 4008 2
2394 3704 0.3
3611 966 0.3
836 835 0.3
600 949 0.3
1703 66 3
1068 478 3
66 3864 0.3
508 507 1.65
300 4675 0.3
3907 6907 0.3
811 4801 0.3
1005 6887 0.3
5444 5061 0.3
540 6767 0.3
298 5144 1.15
6918 580 0.3
4772 4771 4
3253 288 0.3
442 3962 0.3
2356 5093 2
3907 6061 0.3
3088 675 0.3
303 3405 0.3
6230 2630 0.3
6919 306 0.3
6887 189 0.3
6441 947 0.3
365 6919 0.3
1135 5133 0.3
2432 741 0.3
5976 5322 2.3625
4652 1199 0.3
966 1596 0.3
820 2179 0.3
4098 2330 2
787 2599 3
2443 6682 0.3
6741 6742 0.3
4531 5144 3
2501 4585 0.3
896 469 0.3
5103 303 0.3
6405 3447 0.3
545 4675 0.3
3123 1501 0.3
140 1350 0.3
6727 1086 0.3
5842 5244 0.3
2208 6240 0.3
4133 5772 0.3
4292 1262 4
16 2081 0.3
3751 2708 0.3
3846 4540 4
1568 1569 0.3
195 3933 0.3
518 2556 0.3
3402 3404 0.3
1581 1671 0.3
815 3612 0.3
6697 1333 0.3
302 4388 0.3
6810 897 0.3
5160 883 2.1
6582 6580 3
6814 3601 0.3
1173 6355 0.3
1199 4887 0.3
5252 3193 3
604 1330 0.3
6230 66 0.3
225 19 0.3
1625 1632 0.3
6740 788 0.3
5385 5976 4
6551 4642 2
2081 31 0.3
6600 6586 0.3
6168 301 0.3
2217 4982 0.3
2151 4089 0.3
4727 6917 0.3
1173 813 0.3
2443 1611 0.3
340 6541 1.65
4529 5349 4
6355 439 0.3
5444 5818 0.3
787 189 0.3
787 600 0.3
407 132 0.3
279 4116 0.3
6517 6631 4
600 6833 0.3
6168 5004 0.3
123 6405 0.3
6710 3123 0.3
1611 1567 0.3
4670 4640 0.3
545 301 0.3
2894 1425 0.3
3544 4675 0.3
2072 1566 0.3
3343 1596 0.3
788 3251 0.3
2962 1069 1.65
2260 1506 0.3
6275 1167 0.3
788 2330 0.3
2512 606 0.3
1 910 3
2260 171 0.3
3343 469 0.3
4503 461 0.3
365 19 0.3
1206 4108 4
6531 3892 0.3
6231 600 0.3
4663 5420 1.61111111111
3354 1979 4
66 2630 0.3
5444 2254 0.3
6793 6215 0.3
3251 4850 2
6887 604 0.3
675 6125 1.65
1020 458 0.3
365 1091 0.3
2714 6702 0.3
21 6497 2
6741 66 0.3
4833 2231 0.3
1852 842 0.3
6150 2591 2
1546 4894 0.3
3864 303 0.3
2390 1479 0.3
1379 4226 0.3
545 1948 0.3
123 1439 3
3543 4851 0.3
6502 6500 0.3
340 1997 0.3
1548 1521 0.3
193 4090 1
3343 842 0.3
4652 1173 0.3
5606 2714 0.3
1506 1852 0.3
2081 309 0.3
1199 1852 0.3
2356 2938 1.15
66 327 0.3
4529 6505 4
3686 288 0.3
876 1644 0.3
306 122 0.3
5724 1330 0.3
6767 301 0.3
876 300 0.3
5749 4801 0.3
6571 5976 4
3649 2038 0.3
1000 408 0.3
4370 5972 0.3
237 5680 0.3
604 606 3
4522 4568 4
4529 3846 4
3228 2883 4
6741 6384 0.3
6226 1067 0.3
5496 4849 3
1206 5778 4
693 1250 0.3
2303 469 0.3
3251 3405 1.92
494 2158 0.3
1923 3594 0.3
3640 661 0.3
1950 2552 0.3
439 3343 0.3
66 3251 0.975
6417 2179 0.3
6230 1330 0.3
949 4675 0.3
1199 3343 0.3
4995 5524 0.3
346 353 0.3
3828 2376 2.76666666667
1199 1316 0.3
4388 306 0.3
3686 5025 0.3
1199 65 0.3
3251 2907 0.3
5831 4394 0.65
388 2024 4
4970 678 0.3
5991 700 0.3
966 3554 0.3
171 6698 0.3
6521 6522 2
1335 1366 0.3
2055 571 0.3
5442 5314 0.3
3530 2522 0.3
3228 1243 4
3889 281 3
1611 3253 0.3
1250 3611 0.3
587 5180 0.3
3686 2443 0.3
4156 3980 0.3
4664 5420 0.3
6887 3251 0.3
4610 6539 4
3830 5203 0.3
813 1499 0.3
3259 6550 4
5615 796 0.3
6637 1297 0.3
1596 2464 0.3
481 771 0.533333333333
222 894 0.3
2443 1644 0.3
5288 5103 0.3
3041 1005 0.3
365 3447 0.3
1548 327 0.3
1688 1335 0.3
5385 5907 4
1199 693 0.3
600 4675 0.3
4815 3707 0.3
4596 4801 2.15
302 600 0.3
173 6474 0.3
3239 1129 0.3
787 788 0.3
1062 5767 0.3
325 122 0.3
1173 2303 0.3
6645 5322 4
602 1479 0.3
3227 123 1.65
604 876 0.3
171 6696 0.3
148 2488 0.3
5724 189 0.3
1357 617 0.3
5548 5547 0.3
3864 189 0.3
123 743 0.3
6682 288 0.3
1335 2158 0.3
421 1051 3
365 1781 0.3
5989 960 0.3
6714 6713 0.3
6767 3553 0.3
6429 4786 2.15
5603 6933 0.3
2260 3343 0.3
425 6657 0.3
1948 458 0.3
3792 6596 0.3
171 1499 0.3
1506 469 0.3
6696 813 0.3
5103 189 0.3
3827 3828 0.3
3686 5724 0.3
1506 966 0.3
242 19 0.3
6424 766 0.3
5903 6013 4
1151 2759 4
4133 1644 0.583333333333
1506 1596 0.3
813 842 0.3
4388 6648 0.3
813 3554 0.3
4099 301 0.3
4519 1928 4
1235 606 0.3
4534 3031 1.65
3316 2079 0.3
189 2249 0.3
1031 5563 0.3
743 3447 0.3
421 423 0.3
66 1020 0.3
6886 1024 0.3
5061 2255 0.3
1611 876 0.3
2443 301 0.3
365 1335 0.3
6662 6618 2
140 519 1.65
426 1051 0.3
3686 66 0.3
66 306 0.3
4610 6619 2
6652 6651 4
123 447 0.3
3844 9 0.3
1521 1569 0.3
1005 788 0.3
2108 327 0.3
1005 5772 0.3
2219 1634 0.3
545 6887 0.3
3259 1005 3
5979 6030 4
5935 2254 0.3
3594 5955 4
6567 1631 2
5444 744 0.3
1250 1596 0.3
2260 693 0.3
4381 6558 4
6205 6227 0.3
545 327 0.3
693 6697 0.3
66 4133 0.3
229 3623 0.3
1922 466 0.3
518 3486 0.3
1173 6696 0.3
3827 4576 0.94
1020 602 0.3
5989 126 0.3
876 327 0.3
949 288 0.3
4540 4647 4
1316 1596 0.3
1116 1317 3
3892 4649 4
6473 2592 0.3
1199 3554 0.3
6004 3506 3
3784 6488 0.3
818 3567 0.3
6275 1242 0.3
16 309 0.3
327 4675 0.3
5455 678 3
1828 3633 0.3
4529 6533 4
545 604 0.3
5496 5420 1.65
3354 2113 4
5061 745 0.3
327 1361 0.3
2045 6741 0.3
897 4208 0.3
876 4675 0.3
6405 6918 0.3
607 2813 0.3
2446 3402 0.3
66 5025 0.3
5935 5061 0.3
745 2255 0.3
6682 3864 4
2094 5215 0.3
4833 4156 0.3
604 1521 0.3
5263 3864 2
1316 469 0.3
3343 2303 0.3
545 1703 0.3
1031 1732 0.3
4047 4453 4
5834 5096 0.3
897 4801 1.78
30 579 0.3
6231 66 0.3
6706 967 0.3
2443 604 0.3
4652 469 0.3
558 1162 0.725
247 3841 0.866666666667
1316 896 0.3
3271 4473 0.3
1583 5912 0.3
3772 5232 0.3
4544 991 0.3
5854 5826 0.3
876 2907 0.3
6295 5577 0.3
2599 1567 0.3
5850 66 0.3
743 325 0.3
6355 1852 0.3
181 579 0.3
176 1605 3
6887 2907 0.3
132 999 0.3
6732 6949 2
1506 813 0.3
6648 3407 0.3
6652 6650 4
3615 5750 0.3
226 1062 0.3
6425 1943 1
6355 896 0.3
1521 288 0.3
5133 5596 0.3
842 3554 0.3
5160 5161 2.15
6731 5823 0.3
4522 3846 4
2708 2707 1.53333333333
6603 4453 4
6322 6306 0.3
3209 6631 4
5383 4588 4
2278 2938 1.15
66 3553 0.3
5004 1479 0.3
545 5025 0.3
4815 447 0.3
2527 5638 0.3
6767 6648 0.3
6696 896 0.3
539 3465 0.3
3827 2376 2.15
6529 4642 2
5004 447 0.3
3209 873 0.3
63 617 0.3
6762 2501 0.3
365 6918 0.3
5672 5179 0.3
306 288 0.3
6697 3343 0.3
6698 469 0.3
6519 883 3
4689 6946 0.3
2382 4071 0.3
2045 189 0.3
3537 6264 0.3
2634 2633 0.3
6405 447 0.3
171 439 0.3
4388 327 0.3
5817 447 0.3
2441 1271 0.3
425 1051 0.3
1611 949 0.3
6422 6702 0.3
242 365 0.3
6767 1020 0.3
693 3611 0.3
1236 1111 0.3
4995 1298 0.3
66 1361 0.3
317 2488 0.3
1807 3067 0.3
365 494 0.3
4833 726 0.3
6230 4675 0.3
1118 447 0.3875
6230 303 0.3
4171 3124 0.3
3586 73 0.3
6509 5305 3
5248 2280 4
2435 148 0.3
5818 2255 0.3
388 947 0.3
3259 1703 3
6901 6900 0.3
758 2760 0.3
3050 1679 0.3
966 469 0.3
3203 4604 0.3
104 3185 2
255 2436 2
1139 1688 0.3
4675 1644 0.3
4133 327 0.3
4203 5716 0.3
6767 1948 0.3
6582 6581 3
2108 1567 0.3
2149 5570 0.3
787 66 0.3
4517 6716 1
6355 2464 0.3
3028 3361 0.3
1031 726 0.3
600 3405 0.3
835 3140 1.65
1005 2907 0.3
2599 876 0.3
1611 600 0.3
6395 3054 0.3
123 19 0.3
6168 300 0.3
545 2759 3
410 831 0.3
1067 1501 0.3
3793 4540 4
896 3554 0.3
1506 2303 0.3
910 6273 0.3
2522 262 0.3
1688 1781 0.3
5993 5606 0.3
1974 1940 4
6219 6009 0.3
2681 2029 0.3
666 1186 0.3
545 300 0.3
604 288 0.975
3864 2493 4
4554 6668 0.3
2518 3291 0.3
6355 3343 0.3
5343 2493 4
5658 700 0.3
6784 2280 0.3
788 2249 0.3
243 242 0.3
1506 3554 0.3
4790 4791 0.3
6886 3461 0.3
6571 5322 4
3447 4989 0.3
4292 6767 0.3
2112 716 0.3
19 580 0.3
2683 1350 0.3
66 5103 0.3
1852 469 0.3
1173 1596 0.3
6742 6384 0.3
4652 1250 0.3
3686 306 0.3
3334 6869 0.3
4133 949 0.3
897 5775 4
2591 5406 0.3
19 1031 0.3
813 2464 0.3
6622 6621 3
2045 2330 0.3
306 949 0.3
140 4792 0.3
6502 6501 0.3
5496 4664 0.975
2303 1333 0.3
420 5711 0.3
1499 3611 0.3
3676 57 0.3
4728 5317 0.3
1852 896 0.3
6616 6615 0.3
3447 306 0.3
516 67 0.3
5252 5942 3
302 1361 0.3
3259 883 4
1801 1822 0.3
5290 195 4
4887 183 0.3
4056 4492 3
3405 1361 0.3
5608 897 4
876 949 0.3
6238 3980 4
6887 1361 0.3
545 6767 0.3
65 4938 0.3
6230 5288 0.3
693 3343 0.3
3251 2759 2
3794 5305 3
6744 4236 0.3
1199 1506 0.3
123 306 0.3
6767 5004 0.3
1757 3100 0.3
744 6668 0.3
4065 579 0.3
3251 1330 0.3
4503 507 0.3
398 6466 3
66 6384 0.3
1003 4008 4
2045 3405 0.3
6794 1644 0.3
439 3554 0.3
1546 19 0.3
2236 4587 0.3
4970 4989 0.3
1173 1852 0.3
1003 2907 0.3
818 4002 0.3
225 309 0.975
494 1091 0.3
1330 2249 0.3
6682 876 0.3
602 4099 0.3
3041 4133 0.725
2260 896 0.3
4970 1116 0.3
4378 4675 0.3
439 2303 0.3
6918 6919 0.3
2707 3633 0.3
388 5759 4
3611 1596 0.3
545 6833 0.3
1228 4002 0.3
6361 3071 0.3
5459 3594 3
5288 303 0.3
5666 4995 0.3
6767 1703 0.3
2 3966 4
1151 3544 0.3
6392 6390 0.3
1546 447 0.3
239 4676 2.15
3285 2354 0.3
3827 4649 1.53333333333
1521 327 0.3
5933 5968 4
3911 6311 0.3
302 4675 0.3
3209 791 0.3
4381 5206 3
3285 3567 0.3
2356 6851 0.3
6735 3417 0.3
2681 1135 0.3
3686 2249 0.3
66 2249 0.3
540 545 0.3
6819 189 0.3
3447 678 0.3
4099 288 0.3
5337 478 1.65
1471 4709 0.3
171 1250 0.3
1948 3407 0.3
1972 5680 0.3
5912 1632 0.3
3786 5358 3
30 3397 0.3
6665 4478 0.3
1611 5025 0.3
2707 1828 0.3
300 1330 0.3
3328 185 0.3
16 225 0.3
1698 659 0.3
6377 745 0.3
1644 288 0.3
3611 469 0.3
2236 6922 0.3
16 678 0.3
1010 1799 0.3
915 933 0.3
6472 4488 0.3
6209 6701 0.3
19 4970 0.3
4089 3911 0.3
4889 1024 3
3251 949 0.3
5914 3098 0.3
6264 2011 0.3
4522 5404 4
6697 1499 0.3
619 617 0.3
5399 3867 4
273 5372 0.3
171 2303 0.3
1936 999 0.3
16 19 0.3
2024 5759 4
306 1567 0.3
4595 5311 1.2
1333 1596 0.3
6680 4529 4
540 6648 0.3
5640 1746 0.3
3259 3253 3
66 3405 1.18
1506 1499 0.3
6698 896 0.3
5061 2254 0.3
3647 3170 1.2
2443 300 0.3
1129 5215 0.3
225 2081 0.3
243 3543 0.3
4815 6773 0.3
4381 6556 3
425 426 0.3
3812 6495 1.53333333333
876 306 0.3
66 1479 0.3
6680 5832 4
1546 3447 0.3
6392 3980 0.3
3227 1788 0.3
3812 3811 2.51428571429
3864 2630 0.3
447 325 0.3
6572 6573 2
2443 4388 0.3
3251 306 0.3
927 1526 0.3
6644 25 4
540 1020 0.3
1611 1521 0.3
6231 3251 0.3
545 1361 0.3
4388 876 0.3
439 3611 0.3
388 2543 4
16 1116 0.3
66 300 0.3
813 439 0.3
5818 745 0.3
5593 306 0.3
3830 6433 0.3
782 451 0.3
5935 2255 0.3
3343 1852 0.3
693 6698 0.3
6698 1250 0.3
395 1329 0.3
1765 27 0.3
1814 1817 0.3
1908 1940 4
4832 6561 2.15
5444 2255 0.3
439 842 0.3
540 1703 0.3
6377 5935 0.3
1462 2907 0.3
1199 6696 0.3
66 600 0.3
876 301 0.3
6730 6317 0.3
2441 6955 0.3
2446 3404 0.3
1499 3554 0.3
5056 5475 0.3
898 356 0.3
195 5417 2.76666666667
2713 606 0.3
6702 3402 0.3
4156 1031 0.3
3649 4411 0.3
3253 3544 0.3
604 301 0.3
1199 1173 0.3
422 426 0.3
6597 4642 2
4602 3898 3
5834 6713 1.65
4610 6620 2
6187 3447 0.3
4102 3397 0.3
2736 5862 0.3
2045 6742 0.3
2260 1250 0.3
5832 3846 4
1611 302 0.3
6433 6707 0.3
3615 2589 0.3
787 1462 0.3
5818 4554 0.3
1173 171 0.3
6355 1333 0.3
2390 6910 0.3
1250 439 0.3
2531 6940 0.3
5842 4062 0.3
3088 4344 0.3
6887 876 0.3
6728 2656 0.3
693 2303 0.3
242 306 0.3
4602 3923 2
818 1228 0.3
6740 6384 0.3
1288 913 0.3
1199 439 0.3
5263 3405 2
2683 140 0.3
934 87 0.3
6887 301 0.3
587 2167 0.3
6171 672 4
6292 6877 0.3
811 5749 0.3
876 1567 0.3
6509 3846 3
3980 1746 2.15
16 3447 0.3
1908 4902 4
2208 6017 0.3
1462 3405 0.3
2418 6640 3
5393 6558 4
4675 1361 0.3
2836 3621 0.3
5624 3239 0.3
3516 5094 0.3
689 690 0.3
4577 5525 3
6680 3846 4
1020 1479 0.3
225 1732 0.3
243 5593 0.3
508 461 1.65
409 158 0.3
6773 5817 0.3
237 580 0.3
140 458 0.3
6682 949 0.3
915 619 0.3
4849 5420 3
243 6405 0.3
306 1330 0.3
600 189 0.3
6231 1005 0.3
4627 5898 0.3
2236 2287 0.3
6741 189 0.3
6919 580 0.3
5060 850 4
4292 1948 0.3
4554 2255 0.3
3072 5570 0.3
1199 183 0.3
6411 6721 0.3
3792 6492 4
2354 4864 0.3
1696 6904 0.3
6168 1479 0.3
57 3907 1.15
871 6601 3
2052 1688 0.3
6530 6529 2
2043 99 0.3
6615 4663 0.3
3846 5404 4
496 3050 0.3
6682 4133 0.3
2231 3980 0.3
6713 5096 0.3
788 6705 0.3
3251 1644 0.3
1548 3253 0.3
6229 5288 0.3
5593 122 0.3
4255 5139 0.3
5606 6643 0.3
1173 966 0.3
242 580 0.3
255 741 1.15
1190 2495 0.3
4576 3892 0.3
19 743 0.3
5053 835 0.3
876 1521 0.3
1135 5596 0.3
6390 5640 0.3
6762 1056 0.3
545 787 0.3
743 306 0.3
6789 5838 0.3
3554 2464 0.3
299 66 0.3
542 67 0.3
3794 4540 4
5603 2027 0.3
3253 306 0.3
6432 826 0.3
927 652 0.3
327 288 0.3
346 6777 0.3
5711 3707 0.3
4675 288 0.3
1549 5886 0.3
6697 1250 0.3
19 3447 0.3
6742 3405 0.3
1765 5382 0.3
3269 672 4
6773 5711 0.3
306 1361 0.3
688 1972 0.3
813 1333 0.3
2793 3372 0.3
1546 122 0.3
4047 6844 0.3
3251 288 0.3
6682 4675 0.3
681 6568 0.3
4199 6939 0.3
6057 4488 0.3
452 1881 0.3
242 1546 0.3
955 3413 2
1611 1330 0.3
2081 678 0.3
813 1316 0.3
4972 3405 2
5724 949 0.3
301 1330 0.3
14 5 0.3
6698 439 0.3
882 2004 0.3
3102 1091 0.3
494 1335 0.3
3203 2102 0.3
2443 6833 0.3
2714 6643 0.3
365 5593 0.3
2045 788 0.3
6355 3554 0.3
6377 5818 0.3
447 580 0.3
3088 6125 0.3
6384 189 0.3
1031 3980 0.3
3830 6707 0.3
4837 1329 0.3
6474 6864 0.3
1339 6567 2
3686 6682 0.3
3102 1335 0.3
787 3405 0.3
273 1922 0.3
6590 6589 0.3
2368 3504 3
57 4782 0.3
6157 6158 3
4568 5404 4
6697 842 0.3
3686 1644 0.3
842 469 0.3
1387 2518 0.3
249 3856 4
6819 5724 0.3
6716 2591 1
1005 1462 0.3
6148 281 1.65
933 617 0.3
6806 4894 0.3
2376 3892 4
4133 876 0.3
6682 3405 4
439 1852 0.3
540 1948 0.3
1333 469 0.3
1020 5004 0.3
2260 6697 0.3
876 3405 0.3
2907 2249 0.3
2543 2024 4
1199 469 0.3
3253 788 0.3
6682 5025 0.3
222 133 0.3
439 469 0.3
5840 1471 0.3
3343 3611 0.3
6230 876 0.3
1388 739 0.3
145 15 3
5593 325 0.3
4621 388 0.3
5775 4801 4
6794 3041 0.3
1546 743 0.3
788 66 0.3
6697 1596 0.3
1068 5337 4
4424 133 0.3
4499 5323 3
1521 2072 0.3
4094 986 0.3
6405 580 0.3
1005 600 0.3
1250 966 0.3
743 6918 0.3
1611 2907 0.3
6657 4068 0.3
6168 1020 0.3
317 574 0.3
787 6887 0.3
327 6833 0.3
966 2464 0.3
4529 5282 4
4133 301 0.3
3269 3927 4
836 3140 0.3
365 6187 0.3
6887 5025 0.3
788 600 0.3
1698 1324 0.3
4534 672 4
6168 602 0.3
787 1361 0.3
6887 3405 0.3
1206 6896 0.3
3837 5606 0.3
226 606 0.3
6355 842 0.3
2614 5972 3
2973 4644 0.3
3253 1567 0.3
3447 580 0.3
66 1644 0.3
4133 306 0.3
2464 469 0.3
6668 2255 0.3
2599 327 0.3
6187 447 0.3
1020 3553 0.3
3518 6465 2
6392 6391 0.3
4721 5421 3
169 2600 4
1031 309 0.3
604 1644 0.3
3251 5025 0.3
3251 300 0.3
3998 133 0.3
4008 3405 4
4548 1510 0.3
5990 3896 0.3
1586 2330 4
3209 790 0.3
5125 4709 0.3
2443 4133 0.3
554 577 0.3
1014 2281 0.3
1499 2303 0.3
3343 2464 0.3
3123 1067 0.3
2731 21 3
688 237 0.3
4292 1703 0.3
516 3135 0.3
1546 6405 0.3
3227 1439 3
6616 4663 0.3
661 1356 0.3
6501 6500 0.3
1948 1020 0.3
439 896 0.3
6377 744 0.3
2260 2464 0.3
1979 1068 4
3751 1050 0.3
3251 1361 0.3
1837 2745 0.3
1506 6697 0.3
2260 1173 0.3
1387 539 0.3
3793 3846 4
6405 325 0.3
1611 6887 0.3
1091 1366 0.3
693 439 0.3
6685 4972 2
2055 3071 0.3
6230 5025 0.3
1948 1703 0.3
5715 6727 0.3
6587 281 0.3
4522 4499 3
4411 2038 0.3
6767 4388 0.3
306 4675 0.3
1005 189 0.3
6918 5593 0.3
1005 787 0.3
3356 2792 0.3
189 949 0.3
5385 5322 4
1003 3405 4
5666 1298 0.3
1316 3611 0.3
6526 1931 2
2108 1521 0.3
299 6168 0.3
2531 3072 0.3
3686 1611 0.3
5749 897 0.3
66 303 0.3
1056 4585 0.3
6697 2464 0.3
1173 2464 0.3
587 6805 0.3
1499 469 0.3
2443 1361 0.3
6137 3054 0.3
606 288 3
1250 469 0.3
693 1596 0.3
140 3407 3
6742 2330 0.3
2599 1521 0.3
298 6686 0.3
3686 604 0.3
6231 1462 0.3
2543 5759 3
2158 1366 0.3
3356 5596 0.3
242 325 0.3
813 1596 0.3
2633 6866 0.3
1005 4133 0.3
678 4989 0.3
787 2907 0.3
2218 4982 0.3
6227 5215 0.3
6532 6531 0.3
3251 189 0.3
1005 1644 0.3
1499 896 0.3
1250 896 0.3
6698 2303 0.3
2634 2657 0.3
229 3027 0.3
1316 966 0.3
4529 3794 4
67 3135 0.3
6918 122 0.3
243 365 0.3
3251 876 0.3
5288 189 0.3
744 2255 0.3
6215 6884 0.3
4378 2759 4
2907 3405 0.3
1499 3343 0.3
1546 325 0.3
242 1118 1
693 966 0.3
5873 2527 0.3
2260 813 0.3
3259 4447 4
6925 6926 0.3
365 1688 0.3
6663 135 3
6696 2464 0.3
3686 6887 0.3
604 300 0.3
1005 3674 0.3
580 1292 0.3
1820 2280 0.3
6355 6696 0.3
189 876 0.3
1031 678 0.3
6682 1330 0.3
5834 6714 0.3
831 977 0.3
16 1031 0.3
242 6919 0.3
1173 1333 0.3
3253 66 0.3
5609 2093 0.3
6137 6315 0.3
306 6833 0.3
850 6477 1
6866 6301 0.3
2390 6911 0.3
2638 2487 0.3
6677 4499 4
243 325 0.3
6355 1250 0.3
5818 5061 0.3
1686 135 0.3
2260 842 0.3
152 1092 2
1091 2158 0.3
6517 3417 2.15
388 5091 0.3
6887 300 0.3
6695 1788 0.3
540 4292 0.3
1233 6702 0.3
6228 5792 0.3
1998 4381 4
5996 2560 0.3
66 949 0.3
3203 4524 0.3
540 458 0.3
5935 745 0.3
306 447 0.3
2435 15 0.3
6731 6855 0.3
693 813 0.3
1688 1091 0.3
693 1316 0.3
1271 6955 0.3
1020 288 0.3
158 262 0.3
447 41 0.3
4621 947 0.3
123 580 0.3
1958 5933 0.3
1611 1462 0.3
6698 1333 0.3
1199 896 0.3
3830 4993 0.3
3357 836 0.3
6599 6586 0.3
3465 3291 0.3
1170 2777 0.3
4652 2303 0.3
6230 604 0.3
6773 3707 0.3
2330 3506 4
167 956 4
1049 6608 4
458 3407 0.3
6791 6227 0.3
1571 1746 0.3
4424 2027 0.3
6230 3251 1.65
6429 5955 0.3
545 876 0.3
306 1644 0.3
3611 896 0.3
4859 4858 2
1003 66 0.3
894 133 0.3
3227 6695 0.3
6919 122 0.3
123 6919 0.3
395 447 0.3
4683 2836 0.3
5463 6419 0.3
811 897 0.3
221 6679 3
25 4337 4
6696 3554 0.3
1781 1091 0.3
6696 842 0.3
616 3763 0.3
368 579 0.3
1123 4304 3
6187 743 0.3
172 2604 2
1005 876 0.3
6819 6818 0.3
6818 2249 0.3
1462 876 0.3
6694 4102 0.3
2179 6310 0.3
2027 6933 0.3
2260 3554 0.3
6205 1129 0.3
813 896 0.3
6697 966 0.3
123 5593 0.3
1151 6537 4
189 303 0.3
5695 574 0.3
1611 1151 0.3
3251 2630 0.3
438 6951 0.3
1526 652 0.3
19 1732 0.3
6887 4133 0.3
6849 6824 0.3
6682 600 0.3
3447 325 0.3
5445 3193 3
6887 1462 0.3
3567 4002 0.3
1940 2555 4
1316 3554 0.3
242 6187 0.3
1754 4015 0.3
6645 5314 4
6741 6740 0.3
6230 301 0.3
5822 6295 0.3
4815 5817 0.3
243 306 0.3
545 3405 0.3
4858 6616 2
897 2677 0.3
6487 6490 1.65
6901 6902 0.3
600 301 0.3
2681 5596 0.3
6740 189 0.3
1546 123 0.3
6355 3611 0.3
299 6767 0.3
6581 6580 3
3864 3251 2.1
1972 237 0.3
2745 1419 0.3
6202 353 0.3
1151 3259 4
2443 5025 0.3
66 288 0.3
3102 494 0.3
545 3251 0.3
4897 4896 0.3
439 1333 0.3
5385 5314 4
6697 3611 0.3
3354 4432 3
2151 3911 0.3
3846 6319 4
6730 6389 0.3
1173 1506 0.3
6650 4645 4
5640 3980 0.3
6572 5458 2
3253 327 0.3
3050 898 0.3
6741 2330 0.3
300 301 0.3
6696 1333 0.3
6471 6470 2
3935 2118 2
243 4851 0.3
5995 5994 1.65
225 4989 0.3
6227 6714 0.3
545 302 0.3
237 1292 0.3
4402 991 0.3
2721 3067 0.3
5593 447 0.3
3259 2493 4
1357 619 0.3
788 876 0.3
5496 4663 3
6900 2407 0.3
3253 1003 1.225
1546 580 0.3
2272 6890 0.3
4164 6824 0.3
4833 3980 0.3
3343 1316 0.3
309 4989 0.3
4298 3713 3
600 5025 0.3
4576 2376 0.3
3253 4388 0.3
507 461 1.65
4408 3135 0.3
66 2108 0.3
6231 3405 0.3
6046 5958 2
6488 6489 0.3
6532 2376 0.3
4534 3269 4
6390 6391 0.3
19 447 0.3
3676 4782 0.3
1611 4388 0.3
826 4786 0.3
1750 1525 0.3
1610 766 0.3
1242 1167 0.3
243 580 0.3
181 134 0.3
2789 2677 4
6230 189 0.3
6264 6955 0.3
5666 5524 0.3
19 1116 0.3
2260 6696 0.3
412 6289 0.3
6587 6586 0.3
1012 3951 4
5282 6604 1
6697 813 0.3
6260 6024 0.3
6698 2464 0.3
842 966 0.3
447 122 0.3
6571 5385 4
5909 6583 3
3828 4576 0.3
2446 6422 0.3
788 189 0.3
229 2152 0.3
300 1644 0.3
6751 1916 0.3
661 6638 3
602 5004 0.3
225 3447 0.3
1116 4989 0.3
66 6833 0.3
4002 2780 0.3
540 3407 0.3
5444 6668 0.3
1003 1926 0.3
6529 3646 2
6147 16 3
1330 949 0.3
3208 3815 0.3
3447 309 0.3
683 129 0.3
4735 1964 3
3554 1333 0.3
507 6672 0.3
6227 5096 0.3
6682 327 0.3
143 1783 0.3
4133 300 0.3
6230 3405 2.15
2407 6902 0.3
1250 842 0.3
123 325 0.3
15 317 0.3
27 2780 0.3
271 1978 2
1216 2555 4
3259 3506 3
6231 189 0.3
3209 6516 4
4815 41 0.3
688 1292 0.3
301 306 0.3
5025 306 0.3
4503 508 0.3
4970 3447 0.3
3336 2478 0.3
6698 966 0.3
1288 897 0.3
915 1357 0.3
876 1330 0.3
123 3447 0.3
6230 4133 0.3
2488 574 0.3
545 949 0.3
6177 6456 0.3
4292 3407 0.3
365 3102 0.3
2280 6923 0.3
6528 6527 0.3
5025 949 0.3
4579 2656 3
5817 2656 0.3
3259 4675 3
6229 3405 0.3
587 3041 0.3
6819 2249 0.3
2591 2592 0.3
425 4068 0.3
6531 4576 0.3
3827 3892 0.828571428571
6187 5593 0.3
3674 4133 0.3
6696 1316 0.3
1499 1316 0.3
270 6009 0.3
545 1644 0.3
365 743 0.3
6034 2493 3
1005 3405 0.3
6392 5640 0.3
4568 3846 4
4133 288 0.3
3991 3792 0.3
181 4065 0.3
6355 2303 0.3
1118 5821 0.3
2512 1062 0.3
6697 6696 0.3
5724 2249 0.3
5054 2928 0.3
2512 5767 0.3
4787 73 0.3
1998 6558 4
6229 303 0.3
600 2907 0.3
3794 3793 4
1611 787 0.3
15 574 0.3
1005 3251 0.3
1506 6696 0.3
1546 6187 0.3
1499 1333 0.3
6694 579 0.3
2081 4989 0.3
1612 752 0.3
5976 5314 1.81666666667
1173 693 0.3
6536 4548 0.3
966 896 0.3
6915 3139 0.3
5715 6726 0.3
743 580 0.3
4208 3085 0.3
545 189 0.3
2630 303 0.3
3251 5103 0.3
5444 4554 0.3
6530 4642 2
