251 887
1807 2774
1168 4991
996 2275
1645 2638
2381 3140
327 3090
1755 1770
1361 4675
3025 3405
3399 3403
273 1326
438 4064
2102 5662
700 1072
1629 4362
55 2613
3389 3394
771 4189
3356 5133
705 5821
818 3285
1811 1973
2024 2543
1579 5002
3833 5316
173 771
898 4168
302 601
129 1253
273 2777
243 791
248 683
299 601
921 1030
1024 4361
809 2777
1351 1588
3867 3994
395 580
765 1496
2678 3827
1564 1566
502 2113
1254 2703
2132 2769
2411 3209
1096 4021
120 3290
3323 5824
1875 3403
1822 3100
3647 4650
103 104
972 1199
528 4904
73 1793
226 1993
1533 1546
185 596
327 1521
314 944
353 670
908 1558
825 4220
449 863
173 2231
4720 4773
771 1302
128 1757
866 1492
2858 3513
1704 1992
136 2983
216 1281
805 1367
174 5047
864 2497
3506 5103
396 908
1 2280
5826 5827
2121 2225
2841 4212
3359 4382
3163 3165
148 3980
226 1532
1801 4084
913 2496
3323 4277
2298 3711
1522 1564
771 3462
132 408
170 215
16 4334
836 2036
143 1546
148 1430
1631 3417
917 2301
19 4815
2858 3454
186 908
489 1025
19 3087
729 5018
31 3417
2111 2943
466 1922
4659 4660
1208 2774
288 306
1873 2905
613 1546
18 58
1151 4074
395 1479
228 4124
165 997
741 1094
16 2231
580 1264
613 1948
66 1521
245 1876
299 2980
365 1091
143 771
2382 4071
2 2497
19 2533
649 650
1805 5854
3642 5040
132 2911
129 318
1548 3253
1611 4675
5119 5740
3784 3785
66 1794
1958 2811
2427 2428
2282 2601
3402 4392
853 4148
146 1430
820 3422
1160 2321
606 607
143 1479
667 1445
791 4644
478 3605
243 4815
59 889
41 1430
1167 1377
545 1586
2447 3398
602 1361
327 604
3107 3108
1963 2918
213 2361
341 2292
410 884
1022 1813
13 1209
327 749
41 3996
39 185
2217 2218
134 151
1317 3384
391 636
1865 2551
256 257
2292 2713
4013 4014
4982 5213
191 288
991 2461
328 1282
1254 3357
20 440
3638 5081
4124 4125
1476 2295
1026 1430
2179 4862
18 41
852 1356
16 1546
35 822
3261 4352
408 996
295 1572
131 1567
264 328
3892 4649
300 1150
4664 5420
129 1886
3906 4093
1992 5764
5136 5137
132 1863
571 3553
3872 4629
3998 4277
87 1259
2301 2826
3772 4707
165 921
5208 5389
788 3686
1757 1902
320 2402
66 4134
385 1466
3402 4874
3170 3243
108 1720
3028 3593
3062 3421
3047 4799
3835 5824
124 818
3646 4001
1805 5826
92 272
721 3488
883 2907
2083 3507
1614 2030
45 3518
1845 4113
3062 3711
3686 3688
3730 4130
692 1506
16 771
236 998
3325 4032
2712 3095
33 704
787 1151
829 3132
521 891
481 1430
791 1631
773 1968
1957 1958
1297 2402
810 3483
617 915
320 1367
818 2518
268 3122
1665 2568
785 908
19 1888
2736 3406
1339 2057
1427 5077
209 306
2085 2687
410 1019
1704 2241
842 966
1369 3055
3458 3544
871 2621
1233 5760
574 780
4711 5114
1724 3146
2279 2342
214 1967
875 1059
2888 3103
1384 2899
1031 5168
3213 3819
300 3688
1685 1687
3553 5004
5 273
1532 2242
5420 5777
788 1736
131 327
791 1479
448 449
31 678
600 3688
2730 3307
207 3897
742 1026
1957 2811
661 1356
5002 5088
115 1042
9 196
462 1381
337 3360
288 600
1471 2832
463 5180
2662 3924
131 1010
300 1003
82 1736
413 1104
738 2663
2027 2097
833 1369
413 5768
209 327
3273 3275
545 3458
1135 2029
12 1985
4793 4996
442 3962
516 517
295 518
131 545
826 1754
3852 5266
1266 1267
1165 3656
2774 3462
2443 4591
335 1134
166 997
302 1361
597 1359
726 3117
976 1312
66 1644
4358 5389
2522 3530
16 1369
380 908
165 1864
127 2813
583 2618
876 3520
2136 3524
330 1304
2740 5631
1316 2303
16 1031
148 1548
327 3041
1963 5484
3923 4602
413 5535
213 2146
287 1115
3398 4066
3399 3402
332 2416
273 1325
299 301
5501 5502
1383 2886
949 4675
222 2027
3389 3393
127 5078
752 2234
4131 4218
3310 4130
700 902
2938 3577
574 955
5798 5799
634 691
1377 2455
1794 2390
226 908
755 2326
5206 5516
299 600
1170 5148
170 3199
3542 3543
249 4372
1377 3575
1152 1613
373 1020
289 3355
47 127
45 4017
1234 1235
860 1038
3261 4281
699 1179
447 3462
153 2149
3320 3577
66 694
243 1031
970 2364
1623 1625
57 4510
591 2293
481 3406
18 580
1024 4295
2562 4234
4137 4138
288 4235
524 1022
288 1150
1060 1200
16 173
607 1042
2751 5124
306 602
192 4934
3911 4101
44 1982
908 1559
1867 1869
109 1080
1713 2688
897 5775
178 3207
2512 3321
55 283
898 3050
1546 4238
1026 2736
876 877
4576 5149
73 616
1016 4633
251 2129
300 305
894 2981
3163 3164
388 2144
39 148
571 2106
239 2200
434 2530
947 3463
3253 4235
846 847
189 600
490 4282
410 1383
1200 1596
207 4364
438 2321
692 2260
710 1049
2006 2301
135 1844
1264 3750
3168 3259
5826 5854
714 715
2616 2770
1990 4550
860 861
2143 2447
672 3999
1611 3544
226 3704
1992 2241
966 1852
1113 3480
131 159
858 3376
2192 3635
4849 5743
189 3398
165 996
861 1351
883 3251
4759 5514
1521 1569
1494 2085
285 462
1678 4345
222 894
881 2202
3350 5857
673 1118
447 863
173 2774
659 1183
16 491
1059 3417
327 1569
883 3025
19 2532
537 4210
315 2370
1050 2707
41 985
6 613
1499 2464
66 1168
411 3835
967 1210
13 355
288 878
109 2598
1984 5823
268 1847
491 582
478 1068
2411 3417
313 1406
1288 2402
2272 4399
101 102
667 1444
1178 2321
829 1763
1499 2303
1276 2840
2411 2736
544 2762
1973 5818
151 1148
6 161
727 2013
1080 1466
910 1019
451 2034
1254 5858
127 1369
883 2347
2487 3146
4685 4686
1498 5152
190 316
910 2497
1889 3462
300 4348
201 1849
3228 5483
31 3209
1180 4170
2591 4517
57 218
3269 3833
2914 5368
3676 4556
82 2731
135 3767
1926 4746
1038 1351
18 3087
1611 5723
3833 5251
1532 2239
4838 5002
755 1126
165 166
25 2035
300 1151
294 2962
214 1757
189 601
1992 5765
591 1233
80 529
731 1038
4908 5152
1763 2598
3751 4174
272 3355
2088 3335
1030 2343
3452 4406
243 4238
532 903
2495 4364
502 1857
1003 4012
751 983
836 3357
242 2774
2280 3420
1419 4500
1272 2730
1356 3426
1031 4238
407 2911
429 5039
4811 4812
787 1150
842 2303
346 4078
483 739
545 1644
531 1457
920 2852
245 881
3454 4934
429 2358
12 4396
5546 5547
868 869
337 1003
66 299
1349 2094
1232 1844
243 449
1210 4216
173 1430
66 3686
1704 2242
127 1107
791 1026
444 3067
74 960
1160 1627
165 407
2774 4815
139 4147
191 327
672 3833
804 818
135 4167
346 2088
4726 5447
239 4676
337 2907
179 436
1208 1546
243 3541
418 1808
166 1862
2519 2524
2774 4238
2294 2884
1103 2024
883 3405
16 4851
337 1361
857 938
18 812
791 875
1430 4334
1869 3974
1545 1872
2638 3146
160 1701
413 1805
1420 5085
103 2228
1068 2117
820 3884
70 107
62 4180
1852 5187
518 771
864 4991
949 1521
2330 2771
2407 3398
3275 4358
243 1746
1014 4154
1208 2940
5233 5492
3273 3274
754 934
3100 4205
3999 5251
1031 4189
12 1986
3413 3414
700 2487
4224 4837
3462 4815
1264 5874
551 1492
729 894
583 1903
3403 4873
4068 4817
14 4806
242 1479
288 1567
863 864
534 704
182 2243
92 4900
1682 4196
114 176
115 377
3253 3544
2740 4952
345 2088
31 1631
773 2174
1992 2240
110 2448
5277 5278
1078 1233
300 1644
1914 4547
160 807
2418 2731
262 4473
3714 3715
1180 3835
3025 3127
1093 1334
299 300
601 604
3251 4850
25 836
1302 1430
395 2774
222 5119
604 704
2744 4288
21 792
694 4286
812 1013
178 921
1472 2355
1564 1567
191 601
420 829
170 2984
5535 5536
1 850
3998 4338
148 4334
991 5372
1106 1430
662 664
408 2343
5649 5650
148 4189
3214 4908
1750 2566
4136 5041
1103 1171
2677 2823
2376 5871
545 1151
236 5154
2231 3117
16 31
1030 1866
127 2255
438 3515
524 1023
395 2497
2072 5602
288 1151
225 248
304 1925
45 2777
1829 2212
726 4868
3746 3747
1682 4195
692 1499
2665 5127
1024 5013
81 2684
1631 5604
1126 1628
825 4339
854 943
1515 2135
869 872
146 1106
6 186
1122 5594
951 5604
545 3960
1498 3214
2355 2876
281 3889
1126 2918
5 2246
1150 5193
226 1291
300 306
87 2510
189 2330
2446 4392
1264 4199
47 760
1173 2464
3577 5024
1546 1746
3465 4170
195 5417
2907 4066
2981 5119
813 1506
81 327
580 1031
1480 2121
4064 4425
699 747
346 2161
249 1558
606 5766
1936 2911
1926 2347
2143 2446
1026 5604
3823 4424
166 2550
271 388
1992 2242
835 2381
1189 1830
1363 2791
703 3150
2833 4203
19 452
1961 5629
3642 4333
228 4126
148 955
165 995
515 1496
189 1553
340 5516
1618 4016
1476 1957
881 2201
774 1238
673 1117
417 2507
407 2279
1135 5132
413 5854
66 1150
1936 2274
3827 3828
2255 5325
74 1793
3311 5124
6 602
4896 4897
545 3544
41 5249
2918 3297
2785 5046
1521 4127
1982 4779
877 1224
1957 2294
18 4851
288 787
729 4220
3489 4287
3667 4086
395 447
655 1077
37 1042
148 221
324 5687
18 3462
2044 2450
129 248
1867 1951
2875 3001
2721 4815
2302 2450
712 2554
263 418
820 1005
1830 3364
1860 2547
1157 1158
813 1316
1928 2560
9 3844
672 5316
148 1477
481 2656
124 5081
2845 2847
507 3355
288 5025
134 292
245 1071
1870 2911
2696 2892
3592 3788
15 35
438 1178
447 4815
1881 1882
148 4851
173 1363
18 148
221 955
67 4408
27 366
1439 1747
1377 2456
1479 1746
18 39
883 1199
57 955
1619 2915
186 785
613 726
744 2255
395 1031
296 300
1933 1934
47 65
1755 4004
1992 5766
1078 1982
135 1102
407 2341
791 951
370 1351
4468 4711
1072 5870
87 934
3594 5060
178 3769
1545 1557
133 4807
4908 5151
1374 3998
301 2443
606 908
131 3458
2 6
131 694
1474 3504
1126 1963
245 316
41 2272
1811 2255
1510 4569
1967 2984
143 1031
164 2274
3521 4447
447 673
2298 3214
2011 2012
57 3891
1506 2260
3210 3399
1242 2344
63 1357
294 1116
1999 2000
408 1866
483 738
63 933
304 4663
2122 2279
1625 1632
52 452
470 863
1 1794
777 2253
868 870
3206 3302
1556 1557
66 296
4910 5874
1466 1763
2117 3086
2118 5465
132 451
243 448
66 3687
587 935
18 470
1611 4235
1627 2069
765 860
66 458
2744 3598
969 1259
1607 2439
438 1126
876 4675
1945 3197
2751 4934
301 3458
987 1499
755 1831
820 4862
245 1317
243 3540
172 2604
1010 1338
66 910
4807 5032
791 874
1749 2966
1362 3307
1644 3520
66 545
1521 1567
896 966
1101 1351
1644 2443
1349 2518
166 460
1126 1178
5167 5168
3210 4873
288 602
1315 1359
2708 5227
745 746
303 3398
1150 1151
301 3688
2282 2362
722 3998
2924 4279
1253 1406
370 1101
3462 3826
608 685
1291 2390
3830 4164
2681 3356
1221 1633
601 3688
128 956
57 1546
742 5604
2930 3375
1532 2240
742 873
173 2384
602 4348
337 4066
2752 2883
1003 3398
1 998
264 3907
3291 3465
626 739
1 76
148 149
2239 2240
412 528
559 897
359 3507
2668 3262
2883 3229
809 1170
534 705
2149 3159
791 1746
271 3249
3405 4008
692 1173
2918 3605
186 290
534 613
544 1156
1941 4963
5067 5068
996 1866
481 771
190 245
66 447
19 4679
2707 3633
716 2577
2813 5584
174 1353
305 3246
1329 3251
3414 3415
25 138
395 1889
773 2720
353 1579
151 984
302 604
110 5201
1126 3297
3040 4807
299 602
191 600
1476 2392
35 752
31 1059
170 2985
1170 2734
1031 1479
189 3360
292 368
1443 4562
3461 5013
4621 5320
3998 4339
4256 4712
14 285
640 860
5104 5105
148 791
726 1356
1598 2504
2447 4873
678 2231
545 1150
604 1567
1030 1867
973 1242
1750 3810
587 1396
1936 3769
517 1025
3187 4746
2267 4899
3521 3522
341 2713
692 1333
306 600
580 3087
173 4815
164 1870
66 5025
170 1295
1732 1733
716 4510
721 4400
345 867
148 314
226 1062
1199 1333
1126 1629
825 4338
481 4644
4798 5041
66 4675
2481 2484
820 2895
395 3980
729 1466
539 2785
1377 2074
1093 1259
696 3012
182 1693
1931 4666
3348 4517
1859 3815
2677 3085
1 4991
3520 5025
12 3170
268 3316
1022 1871
2512 5764
143 148
2705 5630
1546 3087
1799 3507
2928 3040
1560 1995
97 2603
4531 5299
739 1388
2714 3399
3786 4454
3402 3404
672 5511
1967 3947
249 1557
1151 3360
2813 5069
2168 2355
1476 2118
613 1477
607 3634
3833 5349
420 5711
966 2303
549 2989
729 3980
616 3763
166 2551
66 5772
1170 2179
2618 2770
726 2231
31 1031
37 70
3207 3769
173 518
1534 1599
161 938
818 2163
1476 1958
1199 1926
474 3614
295 1264
835 1171
925 2162
921 2122
2594 2598
1031 2721
66 1151
2341 2343
3512 3513
19 1199
1316 2260
3126 5155
4220 4338
41 5248
321 5079
160 2802
128 4364
1736 2790
1788 3111
1013 1415
663 664
668 1126
1521 4591
469 1333
2633 2634
276 395
1484 2678
966 3554
87 2011
1003 1586
672 2952
921 1867
490 3146
2875 3000
1030 1870
303 1151
327 601
5161 5547
1546 1941
668 699
3173 4443
324 3125
306 3688
467 3454
3746 3748
679 1813
3540 3541
181 5629
1479 3826
467 3311
4381 5516
1655 2905
2843 2844
3516 5094
3592 3789
921 2911
438 1179
5314 5322
5501 5505
191 301
3433 4510
268 1022
659 727
19 148
1419 1837
3025 4066
545 5515
173 1251
1607 2937
2376 5149
1150 3960
440 1353
1383 2670
408 999
894 5740
154 3199
1992 5767
6 1531
118 127
831 2825
178 2343
1387 2785
213 906
765 1101
1611 3253
303 3501
3323 4180
29 4072
754 1093
2549 2551
496 2909
1174 1328
923 2088
31 771
3087 4238
41 571
3031 5251
359 1799
1118 1560
273 1752
771 873
41 580
3642 5209
1936 1988
1112 1235
820 3041
1115 1939
521 4304
345 859
3518 4900
791 3980
996 2274
408 1867
462 2282
668 747
910 1150
6 131
713 3197
18 4189
247 3841
1611 3960
791 5604
6 18
1556 1558
173 1539
2692 2693
1498 3062
132 460
139 3596
31 1546
890 3378
189 1272
20 377
1586 4012
1331 4783
14 4900
1131 2813
1160 1629
2182 3469
1199 1316
385 829
5151 5152
998 1135
943 3894
1415 5216
3250 3657
826 2428
1356 3640
24 4621
1702 3320
243 3543
1471 3637
1749 3251
166 1860
5384 5458
3179 5032
3398 3402
57 583
333 1062
2952 4412
41 4851
729 1801
1088 1596
340 5206
300 704
1521 1566
1737 2601
858 1538
597 3678
576 2475
1551 2888
606 2512
3323 3998
944 1011
13 118
467 2450
295 2656
587 1786
301 3687
1042 2227
3406 4644
29 1361
1014 2167
2368 4207
35 224
1235 2087
787 1361
668 1160
242 1168
82 189
2361 5038
2282 2525
1867 1870
805 2185
1126 1831
4358 5606
242 4334
2407 3399
5660 5661
148 295
353 1299
454 3768
294 1069
1776 1811
489 2739
814 2088
1875 3837
1746 3087
478 937
1150 2443
1567 2072
1264 4334
4333 5209
131 1361
413 5242
410 1132
2813 2877
3465 3835
301 545
587 766
327 545
96 429
482 3554
327 694
20 174
996 1867
148 2231
335 3442
299 327
3290 3299
716 2578
897 2280
678 3127
438 2312
299 302
1671 5105
2599 3520
4720 5747
2243 2852
1985 1986
76 84
3598 4289
29 2966
242 447
1254 1548
2962 3092
771 4334
3243 3245
2120 2595
1549 5879
2450 5807
146 185
226 2239
1257 1365
2789 2823
1453 1914
766 2621
1846 2035
600 3544
2518 3559
2952 3269
2091 3955
301 1644
1170 2735
566 812
2008 2009
4621 5319
2390 3996
1499 1506
1226 1686
640 861
18 673
2239 2241
91 2689
1325 4207
73 247
1054 1055
1011 1197
964 3681
4510 5432
324 1984
910 1611
2330 3521
255 2436
1749 2428
469 3554
617 1207
78 4538
226 3321
754 968
131 753
3518 4806
469 1199
731 1588
306 601
242 2927
1430 2736
5069 5104
5634 5635
3360 4447
148 315
2752 3228
296 1518
242 1430
2274 2275
128 167
18 1031
1768 3219
1427 4064
518 4815
5322 5385
2550 2551
99 134
189 883
322 2120
3086 4678
1845 3454
226 1235
810 1309
3812 4530
1181 2518
262 2522
2512 5765
331 2155
2684 3307
1049 2520
2775 4850
489 543
345 4919
2094 5081
19 123
490 5807
186 904
1012 1982
136 189
249 1556
2356 3432
675 3088
2774 4334
640 765
148 1264
301 5025
1068 2113
14 45
252 520
166 2548
2038 3649
1011 1357
1414 2284
5115 5116
5229 5230
515 1427
3415 4292
1571 3980
301 4675
1311 2573
2118 2392
1506 3611
172 1976
1670 1671
1868 1869
133 1080
1889 5874
986 4094
1869 3293
451 669
320 2185
820 1586
2330 3506
996 999
2341 2342
321 2833
1031 4118
910 3458
4220 4339
3240 3241
3827 5212
513 5132
3687 3688
3100 4183
2122 2342
1618 2916
269 583
1498 5867
365 3102
3934 3935
1303 4038
385 1822
251 2723
2903 4143
234 235
243 4851
1644 2599
729 4339
189 949
148 2603
889 1357
3275 5208
3275 3761
2480 2767
438 1628
1329 4072
1013 1240
1998 5206
189 806
65 760
3513 5124
804 1349
1254 5857
327 600
2081 2664
515 1726
41 3959
758 1156
1651 2147
97 3117
194 2779
583 1111
2740 3771
771 3417
3540 3542
148 1479
262 5848
3355 3359
943 1616
791 2736
1506 1852
3905 4093
345 4883
2599 2759
5501 5504
191 300
1264 3958
1865 2547
363 571
951 4644
295 4815
742 2973
2027 4424
1985 3919
467 2858
3290 3692
3025 4008
408 1000
1264 4024
3100 3998
118 205
858 1724
395 1430
25 2381
80 3040
266 1373
1631 5121
407 2343
742 3406
70 1011
3291 3449
1531 2302
972 3611
41 143
538 1917
1498 3711
213 905
19 704
3323 4183
29 4071
19 1117
2549 2550
1070 4018
602 4099
846 1830
3996 4373
1997 1998
124 846
1126 2321
494 4231
4 3998
481 1631
483 1389
1210 1696
1551 3103
915 1240
286 5052
2390 3167
35 37
1 245
1862 1863
151 1215
4320 5785
63 915
467 3662
337 3861
590 928
148 243
1439 5761
767 3104
545 3253
136 2915
249 2131
2684 2730
876 3544
438 1963
933 1207
41 1031
704 705
1173 3737
3567 4002
3070 3278
2895 3041
1112 1113
2526 3996
333 380
447 1560
1113 1236
652 4104
31 4189
501 667
346 872
385 828
148 2774
5712 5713
2984 5878
4689 5707
305 2750
295 4851
791 4334
243 3542
236 1642
668 1831
15 145
370 1588
1725 5645
160 474
353 4919
3398 3403
56 283
132 1936
1668 2167
3586 5784
3404 4392
2179 2735
278 281
619 933
545 602
1521 1565
262 3530
597 3677
921 2279
108 3421
447 771
549 2519
288 604
388 3463
2785 3291
4473 5062
301 3686
910 1644
131 775
1587 1652
288 3458
189 4850
693 1173
62 4277
326 934
14 3355
726 2603
189 2895
1080 4277
767 3558
245 655
3041 5772
66 3090
1534 1609
327 877
2635 2636
1253 2408
1 66
371 5240
3403 4874
1093 1791
14 4805
2952 5349
3799 5501
31 4644
189 878
261 289
714 1055
159 390
300 5025
1292 3150
395 4991
1051 2796
2446 3398
1548 1611
1357 2089
476 1133
874 2411
5259 5260
539 1181
469 2260
452 1926
3291 5045
3658 3660
395 4189
791 1059
643 4348
17 2508
4720 5748
1917 4192
520 2469
787 1736
5189 5769
478 1857
963 1443
1121 3383
2813 5078
788 2249
1790 1791
2733 3613
3243 3244
640 641
744 745
296 2083
1325 1326
3454 3662
299 604
301 1020
191 602
288 299
2811 3595
1160 1831
805 1297
167 1757
2127 2128
97 1377
433 435
97 4438
25 4337
5025 5772
2008 2010
1415 5643
760 2389
1351 1973
3837 4392
5762 5763
3289 3290
4135 4798
739 1673
1752 2246
423 425
1027 1860
16 18
1941 2721
1387 2518
35 159
754 969
820 4517
4092 5612
121 316
432 433
288 949
4008 4098
1103 2595
1861 1863
148 2721
2752 3229
1 2497
804 3559
169 2600
515 1588
1768 3220
544 758
3998 5018
1295 1351
1417 4133
1101 1588
186 341
300 301
136 1366
34 897
213 2449
598 1665
2512 5766
1180 2463
1586 4066
897 2138
771 2721
908 1062
1038 1101
380 1557
489 542
2294 3819
739 1390
2526 5248
1477 2231
1510 5544
920 5127
331 2376
19 122
326 1802
249 4646
618 1240
82 806
2035 2595
2253 3826
5547 5549
201 1228
613 703
857 2228
1171 2138
166 2549
3627 4125
951 1059
910 5025
423 714
1117 1168
31 1430
38 374
703 1972
3037 3162
452 604
207 3682
189 3251
2714 3210
790 2736
604 4675
465 991
2781 2782
295 791
1112 1234
693 896
1565 1569
1229 1230
1347 4919
225 986
186 1694
1135 2568
469 813
109 2594
327 3695
1135 2681
2122 2343
1720 2298
749 806
2330 2856
189 2983
2556 4385
2087 2239
306 3253
3533 3594
1521 1522
3827 4649
2330 2907
729 4338
5077 5813
613 3444
3357 5029
853 3305
1845 2751
438 1629
1455 1456
143 3087
1867 1936
658 3648
300 812
2134 2136
1755 3246
2736 5604
5764 5765
2653 5492
2744 4816
41 3958
2052 3035
306 3686
5502 5503
4358 5208
583 1110
4348 4972
3540 3543
2546 2595
57 5617
1315 2123
2845 2848
5333 5334
2527 3693
1744 5647
1747 2439
1481 3480
380 1733
19 41
2411 4644
164 1030
1333 1852
65 827
1038 1496
1264 3959
1476 2157
643 668
1254 3350
1264 4851
370 1726
1005 3520
604 1151
109 227
3512 4113
951 1430
1985 3918
150 4262
3290 3693
286 2118
4721 5422
31 2973
4663 5777
1471 5125
120 5679
132 1868
2382 2383
1557 1872
407 2342
755 1160
2422 4984
666 667
538 1914
1135 1665
3257 3258
442 490
80 819
300 1020
248 309
251 1722
19 1116
2407 3402
518 3462
226 1704
388 1135
70 1657
1029 2530
1586 3041
1005 2743
567 892
288 910
771 875
2254 3501
2713 2729
820 2684
31 35
35 36
3251 4072
131 601
825 3998
1242 1377
950 4665
2162 2163
248 1888
1984 5565
136 2916
2113 4049
222 5740
1549 2583
155 857
1417 1837
189 4098
938 2228
2792 3356
20 37
876 3688
600 787
118 3384
3417 5604
426 1907
4872 4873
221 5703
376 738
1522 1569
1005 5025
498 781
327 3253
501 666
2826 3375
1992 2512
124 1830
672 5569
41 447
191 545
307 2376
182 920
787 806
56 284
365 494
295 1479
296 1599
764 1800
933 5689
4586 5435
545 2108
4607 4609
1003 2907
835 1103
2713 4939
545 601
1521 1564
2736 4644
4183 4220
1199 2303
1302 3209
481 1059
2721 3087
3399 4392
478 5337
2255 3501
3669 4213
2179 4269
4838 5003
692 3554
1103 3140
12 2519
301 458
539 5046
1957 5182
255 5196
345 923
1022 1023
300 3422
4338 4807
189 1586
3123 3124
3275 5606
1264 3462
1031 4334
1138 1443
327 876
19 1479
3458 4235
1028 5069
969 1791
1101 1726
2021 3642
1131 3634
242 791
3050 5881
921 1936
518 1746
758 759
835 1846
301 910
2376 3829
388 534
1379 4986
747 755
159 385
132 2279
20 57
327 2895
619 812
2446 3399
328 5194
517 4408
4953 4954
2227 2447
1088 1200
438 1831
346 2375
5 188
539 1180
407 1988
797 4038
3031 4412
3995 5497
2450 4113
745 1776
561 2873
2443 3544
203 204
913 2185
875 1026
129 1102
850 1040
1170 5843
1425 2894
534 1065
2907 3398
288 300
1668 1837
2777 4269
1126 3191
722 1385
209 878
587 1837
433 434
1286 1287
165 2343
800 1618
1430 4238
742 1059
420 458
1973 2111
515 861
3833 4440
1852 2303
1005 1272
1353 2927
310 1786
2447 4874
739 1672
1199 2532
1439 2937
69 129
16 19
882 2004
860 1496
370 640
2999 4606
27 693
85 3575
1173 1506
2428 2966
189 3041
411 4170
337 2115
225 252
822 2143
913 1297
2989 3170
1861 1862
1631 2736
545 3090
2011 3537
1178 2310
1160 2309
411 1181
520 4419
35 1561
1586 2330
788 949
788 5724
749 1736
3714 5762
5105 5584
74 3426
736 1981
84 1945
300 302
782 2034
298 4531
829 833
1155 4316
405 549
4867 5159
118 1116
604 787
3457 4472
818 1189
410 1573
469 966
4381 5206
2617 2770
1326 2849
883 1465
1102 1877
25 1103
76 2519
335 1146
1111 1903
2721 4963
3402 3403
295 3564
186 918
305 2676
127 5105
1059 1631
618 1013
1283 3353
4382 4383
699 1160
4855 5801
143 3980
3250 5197
1264 3626
1757 2985
882 1445
2740 4244
3627 4124
815 3185
4758 4759
3087 4851
1985 3971
1521 1611
454 2359
3037 3161
1479 2774
1361 5723
409 1705
451 782
2666 4965
19 678
3350 3461
1173 1316
327 1564
19 791
1875 3210
1374 4807
124 804
587 1668
2355 3379
452 883
3518 5843
1351 1726
2618 2622
753 884
2242 2394
385 1763
305 2556
3475 3642
1 400
432 1666
1826 2679
1688 3424
327 820
574 3407
966 1173
178 1936
613 2112
242 863
2234 2608
2714 3398
1279 1695
2102 3203
2792 5133
3229 3592
327 602
790 1302
613 3025
2260 2303
186 374
1151 1361
306 3687
2443 3253
4005 4406
2999 3990
18 3127
2526 5249
537 4926
708 806
3530 5062
346 4838
1864 1865
1746 3462
1253 1722
651 654
47 521
3765 5718
2428 4071
57 221
243 518
2450 3512
191 302
617 2089
143 395
2264 4355
1313 5126
2163 2787
1049 5321
396 1557
640 731
1566 5602
18 35
1655 1873
16 2232
1031 1386
164 408
4721 5421
76 3964
1361 2116
173 726
2088 3566
873 3406
545 2245
132 1869
214 2985
228 1942
2734 2735
127 224
3070 4720
613 1065
612 1660
920 4283
915 1357
807 1145
1546 3067
1296 1678
452 704
486 739
4541 4542
395 864
760 2673
870 1347
150 2470
442 858
118 574
159 2364
744 3501
753 812
456 481
771 874
132 996
3245 4443
2730 3695
602 3422
3996 3997
411 2463
1564 2072
131 600
303 4066
58 127
408 1870
683 1844
302 3458
81 3695
189 2684
1180 1387
1860 2549
249 5025
1044 2065
600 788
395 1546
1272 1586
3291 3323
1029 1451
4872 4874
262 830
1117 3542
376 739
1387 3835
1171 1846
56 2613
501 665
607 4317
791 2774
2450 5124
666 1445
395 2721
1374 2981
2094 5187
300 4099
226 2087
1430 1546
2966 4071
712 1674
363 438
771 1631
842 1333
1117 3543
148 3462
766 4325
1863 1864
3398 3401
56 285
365 493
2880 4613
490 2450
1181 5046
4164 5050
49 3288
1531 3684
973 3091
3122 4058
545 600
1170 2777
1479 1889
745 861
482 813
1852 2260
2432 2666
141 190
2321 2918
2191 5371
4453 4454
731 1295
678 2232
617 1240
4334 4646
713 1945
2751 3454
37 607
3008 4146
66 3553
1118 1995
31 243
337 1586
69 1887
2813 4317
771 3087
2241 2394
1414 4226
969 1790
729 833
2616 2617
3799 5503
933 1240
189 876
345 4078
2249 3253
104 2672
791 4189
328 5195
587 1014
1010 1799
148 1546
585 4228
1677 4024
2672 4758
405 738
1190 1593
1126 3515
1928 1990
31 2721
2272 4726
2407 2447
15 148
296 458
1272 3695
812 1010
353 5088
288 301
1324 2320
209 877
3399 4873
821 1362
380 1062
672 3927
340 1997
2330 3259
295 3087
1171 3140
800 1619
128 891
731 1101
1807 1942
515 860
2239 2242
1582 1663
1964 2519
3040 5032
580 894
3504 4806
139 2852
199 620
201 2787
3959 4386
106 2136
963 3123
1370 2823
327 1736
858 2638
1866 1867
693 987
44 337
765 2221
2743 3041
321 3328
1198 5719
411 2518
972 1333
164 1866
741 2436
1867 1868
3544 4591
1676 2034
3400 4872
327 1151
1178 2311
225 477
1863 1865
411 1180
581 936
1793 3426
31 395
306 694
54 56
2737 3562
167 891
1993 2394
3714 5763
2677 2789
2907 4098
3398 3400
2880 5105
4663 4849
580 4815
1103 2036
1746 4851
966 1499
969 1093
18 395
2094 2518
345 5003
3446 3447
836 2035
1586 5103
380 1559
1903 2623
301 4348
587 3928
1671 5078
1755 3328
18 173
346 814
790 951
132 165
949 5025
127 5104
3403 4392
1207 1614
143 295
861 1038
438 3297
1150 1644
35 678
1333 2464
135 1232
396 1872
1389 1673
1031 1430
1916 2502
2678 3892
136 365
66 1010
1866 3207
544 2382
76 3647
1860 1977
66 613
1356 1948
2346 5776
3401 4874
109 722
148 678
3335 4919
464 1095
1283 2083
2813 3634
2330 3360
2618 2623
2771 5103
63 1142
1496 2221
16 143
19 1012
2122 2341
1618 2915
251 3355
659 1008
274 1326
4024 4224
408 1988
1031 3876
1135 2792
5163 5164
1499 1852
626 724
1274 2840
2743 3307
3406 3417
714 1907
165 1977
2280 2963
3297 4425
6 155
1611 1644
332 5781
69 1609
5764 5767
2560 4533
878 1669
82 708
1776 4064
2736 3417
3462 4199
3461 5858
5057 5058
1908 2540
2774 3980
1864 1866
2966 3251
136 1618
619 5689
175 4795
2450 3513
1957 3212
771 3209
738 1388
986 3562
3892 4576
911 913
1595 2144
109 225
996 3207
1036 1070
729 5119
613 721
618 889
1648 2780
2463 2518
189 3458
4679 5346
4024 5864
432 1029
3126 3540
447 4238
132 1870
301 1150
911 1288
1848 2466
3170 3173
3155 4712
3397 4102
423 1907
2801 4664
2800 3303
19 1118
1 447
131 812
972 2464
747 2312
873 3209
438 775
143 4238
742 3209
326 968
132 997
296 812
731 2221
1005 2630
752 1344
345 814
2639 2640
1228 4002
2102 3138
2973 3209
1546 2775
818 1830
2 1339
365 1781
57 316
5067 5677
257 258
421 1055
1030 3207
2656 3406
1311 2382
1957 2392
3209 4644
4393 4831
143 4851
606 5767
1283 1518
73 955
2981 4807
828 829
388 850
209 299
3872 5746
5116 5263
189 4066
2069 2321
1586 4008
481 875
2818 5371
1135 3356
814 4883
2547 2551
3398 3837
3209 3248
66 118
215 1295
876 1611
745 4063
1609 1799
3707 5111
173 791
300 3687
640 696
99 3755
1092 1338
81 1272
243 771
2450 2751
2870 2871
3297 4064
3542 4906
87 754
753 1010
56 286
447 4189
846 1349
1600 2648
745 1366
1477 3117
1367 2185
3164 3165
3401 3403
3203 4604
5148 5843
958 1982
820 1272
264 506
524 1352
1226 1406
601 1548
875 2973
264 1609
18 31
3935 3991
1347 3335
860 1351
4075 4076
136 515
303 3405
16 41
4835 4836
41 2774
831 1019
726 1031
583 3722
693 966
104 3110
3087 4334
37 606
1005 5772
3626 4435
1442 1471
2113 3086
3237 3565
1806 4963
454 1657
1138 4562
835 1562
3293 3974
327 878
3990 4216
2147 2730
1264 5864
2119 2392
124 2518
118 1317
69 3507
39 2143
425 1907
66 876
3799 5502
31 295
1264 4322
685 806
173 1746
910 949
2556 3328
1072 2488
76 483
333 396
607 2877
51 2515
1955 4196
134 3615
57 58
186 670
2292 2729
302 788
73 5784
140 1219
66 1548
1093 1790
1787 3553
3658 3659
1088 2713
692 2303
1156 2382
189 303
307 3828
1532 2087
301 3553
2407 2446
3253 4591
545 1548
3934 3936
3898 3923
25 1171
1236 2770
1110 2622
2881 3508
242 1546
4517 5406
1101 1496
222 4611
288 302
1611 3458
474 4804
209 876
600 694
340 1998
438 643
118 955
63 2030
3138 5662
4094 5725
668 1627
2751 3513
854 1418
3357 4229
2446 3837
228 4125
788 876
41 2721
365 643
4394 5831
831 910
460 921
4200 4201
66 3360
3087 4189
653 2866
873 5604
726 4156
330 381
255 2432
35 3704
29 1329
447 518
1059 4644
1476 3595
1407 1465
920 2261
3454 3512
164 1867
176 285
345 870
18 1264
607 822
1160 2311
483 720
966 1199
6 3684
3605 4425
956 1757
5070 5465
66 1611
1627 2309
2556 4205
388 1012
829 1466
410 792
462 2129
1559 1872
388 4403
173 4238
4235 4675
1704 1705
57 4782
148 726
345 5002
243 447
57 5195
820 821
482 987
1903 2622
2499 3319
343 4352
136 210
1794 1881
1902 1966
708 2206
73 1197
132 166
915 933
1651 2759
74 661
1295 2221
1339 3202
66 209
4608 4609
3627 4126
4195 4196
132 1988
2123 3677
785 2242
1973 2943
31 1026
1526 2123
626 1672
1092 1153
616 1657
193 323
1514 1515
231 271
301 3960
41 4815
2155 2376
1126 4064
303 883
2518 2785
2390 5248
226 380
118 822
4906 5155
1471 4709
1752 4805
3401 4873
327 1566
1078 1377
66 4348
1352 1770
887 2723
3644 4334
3234 3970
571 2594
327 3688
1167 1242
288 788
1028 5104
2523 3850
337 1657
1160 1179
132 2548
92 217
5502 5504
911 2402
742 2411
160 1421
186 2729
4392 4872
921 1870
2041 2209
447 1794
82 306
1481 2770
103 584
829 2598
1050 2708
301 613
306 1361
2721 3462
458 660
243 2774
3461 5857
2895 3109
3041 5025
1264 3980
27 4693
683 1686
1228 3285
2718 4115
798 817
1406 3754
51 588
1292 4619
496 2137
2524 3647
19 4851
2055 4961
5613 5614
921 999
165 3769
131 1897
1199 1852
396 1559
549 727
1776 3501
1644 3688
875 4644
4229 5029
998 1190
318 1844
742 2656
148 1031
25 2036
133 385
967 3990
5612 5614
3915 5616
566 889
255 296
385 3532
760 1670
173 613
696 1774
1026 1059
3916 4523
41 243
19 2347
4838 4883
4216 4606
16 447
897 2677
484 2597
1752 2118
1732 3108
478 2743
63 1207
4307 4886
597 2123
337 3405
670 2713
2571 2572
1181 3291
300 910
1 303
679 1022
131 604
326 969
1450 1451
1006 3955
3271 5848
1042 1317
1870 2343
1363 5839
99 1274
617 889
4599 4600
505 4147
59 812
129 5202
672 3269
2598 4183
1113 2770
15 315
533 2889
586 4142
4393 4830
302 910
606 5764
4663 4664
3353 3749
583 3480
1479 1529
243 3087
2285 4179
481 874
4334 4335
2996 4080
247 391
4541 4543
561 4550
309 1888
263 1031
18 242
1515 2134
3463 5091
76 3170
925 2163
2166 3215
975 1697
1863 1866
618 858
729 1763
186 1198
36 752
131 2856
4136 4798
3214 5151
771 4644
4681 4682
18 694
5802 5803
390 970
407 1000
86 1705
878 949
321 4295
353 4838
605 5039
462 3504
1207 1357
1 410
1240 1765
2064 3915
302 1548
272 4987
727 821
731 1726
143 1264
161 857
1651 4447
2526 4373
318 1102
1737 3176
2905 3155
365 1317
2696 2814
619 1614
346 5002
3812 3935
1822 4338
1810 2123
2775 3251
143 1430
1110 1112
791 1546
1107 2813
3644 5108
474 2666
151 1100
2272 4189
3377 4836
392 393
66 288
1949 3838
607 1011
2876 3113
5845 5846
1466 1822
3501 4064
281 4047
4261 5302
132 2274
2282 4790
2446 3402
4017 5641
1233 1982
1967 3199
41 1264
341 2085
705 5738
3398 5103
539 2518
3452 4005
18 3980
771 2774
604 3458
1388 1389
4238 4830
3679 5206
1369 5563
591 850
189 302
243 1117
259 704
408 1030
27 1648
2518 3465
139 1361
478 4639
3626 4436
3508 3560
2744 4278
1235 1236
3760 3761
1846 2036
87 1093
1576 2604
1110 3739
256 258
804 2518
1867 2911
3713 4298
813 972
1955 4641
640 1038
350 351
1027 1863
1757 1966
65 1757
191 949
4183 4338
2009 2010
876 5723
2042 2892
1095 3844
653 2865
2042 2891
1793 4380
333 1545
242 1118
12 2526
1024 3350
4335 5108
771 791
191 1548
286 2172
1005 2684
693 842
295 4238
3454 3513
345 869
1235 2340
43 410
1160 2312
482 1506
3971 3972
1922 5372
1374 4277
14 1752
1466 4807
874 1430
4093 4677
131 3551
3084 3085
586 1859
3062 5152
3516 3517
27 591
3462 4334
57 5194
1579 2375
2801 5420
613 3377
518 2721
813 1499
2667 5621
1116 1748
1902 1967
1707 2075
1479 3626
708 2207
864 1117
2813 4613
1103 1562
1199 1499
189 306
836 1171
66 191
462 3658
2190 2477
432 434
2512 5767
3087 3462
41 363
2910 3091
1499 3554
636 780
4608 4610
791 1430
873 1059
785 2241
1240 5689
70 889
1566 1567
626 1673
309 1771
1801 2981
2881 3328
301 1611
1126 4425
127 201
790 5604
192 2858
2411 3406
3401 4392
1952 4796
518 3087
73 1657
1121 1122
601 1611
123 3227
2280 4910
731 1496
1752 4806
3401 4872
2904 4592
182 2852
950 4541
66 3025
288 1361
1361 4235
462 3355
131 288
3644 4335
805 911
425 1055
332 1111
549 3170
2945 4020
172 1576
2280 5059
870 3335
1028 5105
1283 1609
447 3063
132 2549
21 82
1586 2730
1031 4868
5502 5505
675 3993
1152 5359
1181 2463
4392 4873
835 2035
2599 4074
2447 3401
337 2330
66 3960
890 3654
1169 4207
2628 3146
3398 3405
45 462
3568 3677
1581 1671
189 515
814 5002
3126 3543
951 1631
1665 5132
634 1097
766 1610
136 1571
500 666
18 143
2260 3554
2255 4064
424 714
3958 5235
2808 2945
66 131
2029 2792
1562 2900
613 3127
4835 4837
242 448
2029 2681
86 305
4861 5738
3420 3421
132 1977
3400 3404
2401 5802
129 1877
132 1864
4396 4460
236 388
716 1982
41 242
295 2774
447 1258
651 1069
670 859
173 2721
143 613
1670 1757
327 1644
41 771
1586 3259
1111 5735
3285 3567
2330 2759
148 580
5036 5347
603 1074
1308 2031
2389 2673
3544 4235
36 224
2241 2242
132 999
883 2771
2253 5059
1339 4824
2231 2603
788 3687
1062 1557
1247 1276
2443 3687
306 749
3452 5148
478 3695
818 5081
45 272
597 1315
181 368
73 607
60 1459
874 1631
1080 1374
1190 1191
191 3687
31 1746
2021 3475
3086 3354
606 5765
199 509
81 1586
3813 4393
791 3406
481 873
178 2911
1223 1739
3089 3891
37 377
2727 4236
2060 2888
70 532
161 296
18 243
1014 3669
1735 2449
2484 2766
480 4181
3898 4602
5789 5790
19 295
3041 3695
173 678
2571 4539
4806 4845
214 1670
3398 3404
24 3178
152 883
566 858
566 1013
2231 4970
4485 4486
4468 4674
4850 5677
481 5604
73 221
805 2496
273 2103
1045 4401
179 3073
254 5063
716 5352
726 4118
1875 3399
295 1031
727 820
66 3405
3513 3662
689 3500
275 855
813 2303
499 501
1226 2408
1005 3695
469 1173
521 956
346 5003
1822 4339
133 4183
1431 1432
3959 5235
1110 1113
2143 3399
601 1151
2021 4177
1611 2108
178 1988
239 1793
192 4113
4335 4646
2696 3037
3155 4256
16 518
327 910
121 4126
2599 5025
672 3153
1170 3504
2060 3103
162 163
1142 1224
132 2275
2282 4791
2446 3403
3054 3996
1542 1543
3788 3789
2627 3146
442 1538
1852 3554
66 438
619 1357
3106 3108
132 164
1388 1390
758 2382
4066 5103
132 204
224 1317
189 301
600 1644
1123 4304
2989 4650
583 1481
618 812
3626 4437
864 1168
420 982
2294 3549
2206 2207
5319 5320
3760 3762
1881 4990
1566 1568
146 194
1117 4991
264 265
66 1005
2218 3452
587 1419
3357 4114
2227 2714
482 972
141 694
66 2907
3100 4338
3513 4934
12 76
4522 5409
2785 4170
2519 2989
285 4005
1243 3229
1672 1673
1570 2694
771 790
809 2179
598 1135
66 3520
1926 2533
2330 3025
70 1895
729 4084
2515 4080
4084 5121
2143 3398
2346 2991
3658 4353
4663 5420
635 4095
3110 3185
1110 1236
5160 5546
2208 4418
1627 2311
333 477
376 1388
619 1240
925 1849
407 1030
744 1776
1264 1479
2 3516
66 363
3454 4113
870 4919
860 2221
305 4205
3041 3307
1325 5122
3761 5208
1430 4851
2981 4084
514 1049
1539 2384
864 1118
767 5099
380 3108
3352 3431
2334 2894
1206 2106
580 4238
4797 4967
742 1302
1586 4447
1160 2310
3050 5042
405 4562
729 1705
18 74
771 1688
305 5673
604 4235
3461 3633
785 2240
70 944
1264 1889
842 1499
1586 3506
1840 2958
4911 5070
692 813
1 694
1180 2942
467 4934
2113 3354
243 1479
2714 4874
982 5711
338 465
747 1627
1026 4644
242 1889
3657 5197
604 1611
1828 3461
1161 1768
500 501
675 688
70 314
1049 4824
876 949
1339 4430
1357 5689
813 3611
525 5702
2684 2895
3259 5025
189 5067
559 2511
1496 2143
274 1325
4386 5235
1746 4238
1351 1496
4591 5723
148 4238
1180 1181
466 2461
132 2550
131 1521
617 812
891 1757
2880 5078
87 2000
908 2523
359 1283
1825 3642
4392 4874
135 318
2447 3400
966 972
754 1790
601 1361
5160 5549
251 856
3568 3678
3398 4874
2446 3400
1518 2083
926 2477
814 5003
132 2122
241 243
3405 4098
1732 3107
43 69
818 1349
613 1020
2656 2973
745 4064
1845 3311
861 1726
2708 3751
410 3390
230 3479
308 325
442 947
242 449
1173 5011
2528 4833
1051 1054
3417 4644
987 1173
747 1160
532 596
467 5124
4613 5069
951 1026
152 1092
1374 1466
1236 4271
1264 1677
4006 4008
226 2512
132 1865
87 969
4 259
788 3688
4342 5052
651 1068
470 1118
3543 4851
1333 2260
539 3835
353 3335
2143 2714
4838 5088
395 791
176 3355
4183 4277
788 806
1533 4857
830 1465
1998 4381
1531 2228
16 127
60 5328
3794 5306
286 2090
874 2656
469 972
3420 5059
1862 1977
99 1276
1028 5078
242 1353
301 788
66 3259
31 447
2443 3686
327 788
1325 2849
2907 5025
2091 2984
2858 4934
3376 4262
288 1548
37 118
73 606
3361 3593
3070 4542
3041 3520
3213 4257
191 3686
140 1524
580 4851
2489 4391
742 771
883 5103
120 2274
18 447
2973 3417
1103 2138
1538 1724
1521 5602
337 883
164 996
842 972
600 4591
883 3864
836 1846
302 878
474 5575
1704 2394
2981 3980
1670 2390
73 1131
327 2730
2484 2767
2524 3468
5207 5208
1726 2221
508 1381
566 618
1178 1179
4831 5831
1599 1609
243 1264
1052 1436
2038 4009
127 418
1103 2035
3462 5583
5002 5087
359 2083
967 1696
178 204
2284 4226
1444 1445
1694 2729
1070 1115
993 1925
545 604
104 3836
66 2245
425 1434
1634 2217
4660 4661
3127 3128
836 3140
74 111
850 2256
131 1020
835 1360
1875 3398
1028 4613
300 876
3241 3242
499 500
1875 4392
35 118
148 447
408 1936
288 3686
1329 5864
1005 2599
4440 5316
545 5025
2129 2504
601 1150
1059 2656
15 574
1031 1746
1126 1627
1361 3960
2752 3018
45 371
4663 5496
121 4125
300 327
875 3209
3240 3242
33 452
5314 5384
826 4071
949 3687
883 5067
3054 3997
1846 2595
3069 3495
19 1926
4 722
226 606
685 709
913 2402
219 225
3269 4440
4515 4602
4189 4815
449 470
1846 2381
1500 1661
242 295
189 300
1260 1713
1264 3764
306 1736
353 5003
1682 4641
73 1031
518 4851
2287 4213
118 365
3465 5046
2646 3539
1498 4645
2981 4277
3335 3566
1583 1623
1566 1569
515 1366
388 2024
1870 3207
744 746
304 727
1863 1977
303 1003
5077 5432
3251 3405
858 4262
1566 2072
407 921
2447 3404
164 178
285 4245
1317 3951
765 1038
5764 5766
1476 3549
25 3140
121 228
81 4190
164 1936
1199 2260
2771 4066
1243 3228
1221 3304
562 4695
3199 3947
2441 2510
6 518
2309 2310
2304 3086
4165 5172
741 2432
1250 1784
908 1545
729 3100
1080 3998
159 189
607 1031
170 1670
388 721
507 4806
3000 3001
87 1999
2422 3980
57 264
192 1845
4238 4831
3210 4872
5160 5547
607 1317
1627 2310
340 4381
6 66
376 1389
1521 3253
2892 3037
2343 3769
2923 5392
2 3517
558 1162
3462 4189
355 717
745 1973
1477 2232
694 878
288 601
2133 3172
2811 2884
5078 5584
395 4334
19 1031
1546 3127
327 3307
1611 3687
359 1518
972 987
1586 3695
3520 3960
5077 5812
4699 5077
1551 4232
1118 1168
66 189
822 1496
35 950
380 477
771 1546
1347 1579
3830 5203
2280 5249
299 545
66 812
729 1704
1329 4224
226 2394
1586 3360
2382 2762
876 5025
2123 3678
189 604
438 755
4281 4352
4338 4339
963 1072
35 613
1845 3662
3402 4872
1180 2943
2029 5133
41 148
716 2112
3406 5604
447 1264
1259 1334
1333 2303
1533 4963
148 3087
469 1852
1361 4591
987 2464
1686 2408
693 1333
164 2343
951 3209
31 791
4221 4686
36 127
3393 3394
3980 4815
4823 5637
2775 5067
2052 4424
1240 1614
2487 2638
2595 4462
1283 1534
2973 5604
481 1302
16 2813
363 643
2761 2762
132 2551
3210 3837
63 1013
108 3062
901 4265
458 945
1233 3453
63 858
69 3353
1866 1936
754 1791
481 2973
1326 3529
21 306
1801 3980
1567 1569
752 2608
324 645
1957 3213
2656 2736
3758 3759
2907 4008
175 1198
129 1406
2332 3219
241 242
790 3417
1339 3899
2918 3191
3401 3837
251 953
127 822
2811 3213
2883 3592
57 224
2981 5018
18 141
921 996
2301 2385
1599 3507
1557 1559
927 1526
3109 3695
332 380
5018 5119
345 1579
1430 3406
296 1609
1586 4563
1 864
2208 5821
1469 2164
1735 2146
132 1866
3190 3191
146 1449
31 580
87 968
977 4052
545 4591
1240 2030
566 619
3761 3762
76 4650
731 861
453 1727
2234 2235
2270 2709
247 1131
424 1055
118 1429
554 577
1351 3987
1131 1645
300 3553
1126 2312
645 3083
3677 3678
1171 4314
1160 2069
3980 4851
875 2656
1644 3686
545 2759
920 2273
1198 2292
539 3465
1655 4712
47 1174
2743 3109
3686 3687
29 3251
1024 2707
6 857
999 1936
301 787
2218 2219
66 1567
949 2108
1945 1971
192 2450
3070 4543
3071 4930
29 826
137 2988
108 789
84 2583
395 1118
518 1546
876 3686
87 2441
730 840
606 1235
209 303
1206 2390
164 997
4919 5003
4038 4095
1274 1276
0 1021
1498 4908
18 1546
3462 5651
19 449
2568 5132
1958 3595
2242 4939
4096 4135
842 1199
2280 2526
19 3980
296 1799
209 602
549 712
731 765
788 1644
3432 3490
975 1698
3867 5399
262 1407
66 788
229 760
123 365
3512 3662
923 5003
132 1951
686 1270
3992 4019
31 1479
1583 1625
438 699
421 423
1627 1629
2019 2744
407 997
1333 3611
128 760
1178 1628
910 4396
424 1907
546 1990
894 5119
804 3638
55 4844
2227 3210
604 1548
2707 2708
1875 3401
273 2246
897 3084
3170 4537
346 3335
143 4334
209 1361
249 732
35 121
3827 5149
6 938
288 3687
2845 3673
1479 4189
867 869
617 858
140 3407
910 1794
3422 3477
1361 1611
1112 1903
3173 4537
170 1902
2302 3700
805 1288
3213 3595
242 864
4114 5029
6 103
1324 5371
3230 5518
307 740
3662 4934
3355 3518
949 3686
135 1686
2254 2256
1171 2024
310 1396
883 1586
2241 2713
685 708
5501 5503
331 4576
178 1030
109 498
99 292
5154 5255
2481 2483
305 4385
602 1020
1045 3294
3269 3999
353 5002
243 1118
675 4344
164 3207
136 1776
469 2464
773 2137
987 1199
1387 3465
1 910
2330 4066
2627 3976
744 860
1926 5595
1 831
1148 3397
3542 5155
1806 1941
818 846
545 910
1381 4845
4147 5359
62 5018
1349 5786
3124 4171
447 4290
327 2108
2480 2481
93 371
3469 3470
601 1644
438 4425
2616 3480
934 1334
2585 4791
327 4675
658 1324
407 2122
3360 3506
1091 3102
189 1366
242 1117
460 996
2743 2895
3506 4447
230 2810
1545 1559
518 1031
1169 2209
137 3356
242 595
861 2221
2253 2280
518 1430
31 481
999 2275
170 3947
151 1276
477 1545
2714 3837
1288 2496
2519 3170
105 106
1822 4220
3185 4051
326 1334
518 3980
2310 2312
1481 2618
1173 2260
1479 4334
1381 2129
301 1361
2592 5406
257 1835
883 2249
818 1228
581 582
486 1674
755 1627
1363 3864
665 667
3923 4515
3758 3843
524 1770
698 1325
1611 3686
69 1283
1199 3611
3954 5859
1198 1694
97 1242
991 992
561 619
3275 5057
2309 2312
1367 2496
606 3321
243 673
18 57
2450 2672
173 1031
3774 3775
1973 2255
1870 1936
2040 2409
1020 3377
3311 3454
515 641
3341 3461
1 1071
209 4074
1031 4229
300 753
4235 5723
1942 4126
305 1393
3402 4873
3341 3350
760 1757
3868 3869
123 2863
602 604
747 1629
458 1560
2846 2847
143 791
110 1246
2118 4911
5593 5676
31 790
4221 4685
2672 5807
806 1612
302 1611
2042 3037
166 1865
571 2598
4393 4394
790 1631
692 842
441 490
1148 1247
920 1693
19 4189
3837 4873
2224 4797
306 708
2447 4392
3614 4051
635 1097
359 1609
4706 5744
623 1496
189 830
3799 5505
835 2036
2447 3402
1264 1430
447 2774
306 806
1586 1651
842 2464
606 2713
1567 1568
105 2636
3398 4872
173 4334
4588 5383
5069 5584
873 875
302 3253
1865 2549
143 243
45 4148
57 118
35 1546
1324 2818
2520 3804
2811 3212
1168 4290
2616 2618
24 1944
949 1548
38 201
1148 1796
185 2143
1557 1558
3100 5079
601 787
274 5083
173 3462
1684 1685
2135 3524
2832 4709
1586 2743
1658 5447
674 675
1136 1402
515 765
45 5641
861 1295
813 896
951 3417
689 690
1498 1720
122 123
566 1240
320 2511
4114 4229
346 1347
189 1611
25 1562
972 2303
544 1802
876 2443
731 860
4791 4978
1862 2547
1026 3417
3170 3263
132 2343
314 2143
18 624
1500 1686
131 787
2816 2817
4822 5706
2598 3998
947 1538
3761 5057
63 5689
1233 2769
825 4183
3050 3051
299 3115
135 3393
1173 3554
720 739
127 3055
41 732
514 3373
4386 4387
1499 2260
5396 5397
1324 2893
5003 5087
788 2599
2324 2652
539 1387
63 889
966 1146
4455 4456
1020 1560
2771 3398
876 3687
3126 4851
3400 3837
209 302
66 337
966 1316
4006 4007
4613 5584
4919 5002
422 426
508 4502
405 712
302 876
1171 1562
812 1240
209 601
2356 3368
587 2264
1801 4183
259 377
1722 2010
395 1117
923 5002
3544 3960
2057 3806
830 883
3269 3692
467 2751
217 272
19 518
421 422
2087 2241
1582 3673
2726 3331
602 613
66 4591
641 1686
3228 3592
407 996
1005 3041
1111 2416
4024 4199
199 646
1586 2907
274 4806
2973 4644
2707 5227
3179 4379
1875 3400
3482 4091
300 878
2108 4235
1546 2721
181 1961
3221 5809
3335 5003
3269 5251
4609 4610
2392 5182
908 2239
1866 1870
481 3209
1302 2411
295 395
867 868
346 353
332 908
810 4123
771 1479
1101 2221
2227 2407
791 3209
2463 2785
483 486
482 1199
176 462
2615 3501
507 508
3530 5001
973 2443
600 1361
380 1545
1152 3020
604 949
4387 4393
3106 3107
4381 4889
2481 2482
1807 3067
2814 3162
2310 2311
883 1363
1055 1907
47 956
587 2167
5524 5666
813 1173
226 785
135 1877
3588 3589
882 1464
41 2280
1875 2447
744 861
3077 3093
544 2761
18 1012
3361 3362
1746 3980
3549 4257
2038 4411
1208 1807
37 57
166 407
619 889
835 836
2480 2482
3935 3937
302 2443
662 663
2846 2848
1873 4256
4838 5087
3729 4801
300 3686
836 3514
495 563
243 1546
242 1995
4664 4849
858 1013
721 5107
4510 5077
2735 2777
3028 3669
968 1093
1845 5124
1586 3025
460 997
179 1443
1866 1988
3837 4874
385 1801
1239 5783
2708 3461
306 545
2518 5081
545 4675
21 58
921 1988
2880 5069
143 678
1108 1109
1235 2713
1564 1569
3213 3549
897 2823
288 4675
2619 2620
1481 2617
447 449
672 3029
771 1059
2696 2891
947 2638
2516 2812
142 512
943 2697
2759 4128
600 4235
813 1333
59 566
242 3980
447 1995
3170 3964
1264 1353
1092 2747
665 666
657 2998
944 2031
3126 4906
570 793
405 1076
16 4970
18 4815
327 5723
340 3679
2721 4964
842 1173
128 2495
345 4783
600 1611
2036 3140
301 3520
19 243
315 1688
873 1430
2751 4113
2368 4806
4613 5078
2259 3031
164 2911
227 453
391 1716
580 1479
765 861
2118 2246
515 640
1985 3972
4677 5613
192 2751
972 1852
37 221
3991 4530
876 878
972 2260
948 3097
1151 1586
2447 3403
306 4235
747 1628
3544 4675
109 571
3161 3162
1361 3544
2321 3515
5251 5316
513 1665
1476 3819
2952 3927
1860 1861
1518 3353
143 580
1808 3055
1518 1599
51 2996
2394 2713
283 512
4164 5203
1292 3707
0 4774
1498 2298
327 3687
1302 4644
818 2162
2027 3823
462 5538
395 4851
131 613
3462 4851
716 4532
2250 2251
3837 4872
129 2408
2217 3358
2088 2161
5503 5504
1170 4269
1173 3611
3244 3245
438 5484
1104 5768
4238 5831
302 3544
1200 5719
1349 5081
2036 2381
272 5522
1815 1817
3398 4873
709 2207
2703 4920
789 827
718 4051
873 874
1031 4851
2024 4403
243 3126
4115 5645
96 733
2876 3379
604 1361
2083 2701
1694 2292
933 1357
5 14
31 2774
4806 5083
3276 4470
380 396
773 2909
875 2411
444 1533
814 3335
5384 5385
874 3209
4205 4385
438 3190
2599 5772
949 3458
948 2795
1136 1403
3126 3541
995 996
1099 2182
3602 4855
545 949
320 2496
300 613
1947 4561
470 1117
4277 4807
148 3117
732 985
842 3611
873 1631
583 3740
4027 4028
972 1173
3796 4819
3794 5305
1534 2083
1870 3769
604 2108
742 1631
1479 1546
3590 3733
1169 2271
8 3069
132 995
388 1065
5424 5427
3100 4236
413 2234
1521 2108
1062 1545
66 2771
855 856
739 1389
16 3127
1763 1801
606 2239
25 2595
15 2488
16 1386
1381 4395
165 1863
722 2436
3070 4541
600 876
1334 1791
992 1922
2443 3520
1253 1686
327 708
4646 5108
1057 2451
2038 2438
209 301
963 964
1148 2286
164 999
56 232
3513 4113
405 727
1430 4815
302 877
124 998
2814 2891
1500 1684
766 4146
260 417
380 1732
5001 5062
209 600
601 878
581 3264
1875 2407
74 726
66 5723
1254 3461
447 1479
708 709
1093 2011
198 383
181 579
321 4203
178 203
407 3769
370 1295
173 580
123 2937
3674 5772
20 1353
3761 5389
407 999
157 3356
18 3054
327 3960
1434 1436
1576 1577
5342 5343
388 5091
1199 2533
437 3501
1456 2023
121 190
852 2200
692 693
1243 1310
1852 2464
692 1316
934 1093
842 2085
3227 5761
496 773
189 2743
2684 3041
2456 3575
4567 5531
39 1308
482 1499
3323 4807
2091 5878
320 1297
4047 4453
2880 5104
3355 3504
155 938
3999 4440
1126 5484
1801 3350
1533 3067
100 102
1644 3960
678 3117
438 2310
148 4815
2111 2254
243 5155
185 337
4575 4676
1670 2389
4806 4899
566 617
121 3067
148 1254
226 2242
2394 3704
4861 5821
1 908
4613 5105
2164 2366
1875 2446
666 1186
1017 1018
191 589
548 1494
14 462
57 1429
4224 5864
1059 1302
385 4183
1597 1598
2182 2431
4524 4605
5002 5003
2480 2483
412 524
3935 3936
913 1009
4563 5114
1247 1796
238 1185
19 771
295 874
518 4334
481 3417
41 173
2791 3308
3298 4245
3530 4473
846 2094
758 2762
195 3933
1059 2736
345 872
365 1429
937 1068
302 4235
1657 2813
1162 1163
68 100
606 1532
4 1080
1481 2616
447 448
2718 5645
1544 4813
850 3309
1582 2846
668 682
985 986
726 3876
80 2196
4071 4072
482 1173
303 2330
2407 2714
1518 1887
1814 1816
755 1629
368 579
2127 2377
366 2854
123 2439
469 2303
4377 5646
2227 2446
197 4065
19 20
191 306
1476 2811
549 1452
143 447
447 4396
1378 3340
35 955
2813 5105
19 242
97 726
1302 2973
613 678
817 929
1752 4239
18 70
2259 3030
2382 2761
287 1638
996 997
52 1404
52 648
420 1369
996 2911
1 1118
1873 3155
617 2030
2330 5025
13 35
2446 2447
2466 3673
1631 4084
2243 2261
5747 5748
151 1630
1860 1862
14 3518
4189 4851
55 142
4334 4815
3209 5604
858 889
754 1334
1562 3514
327 3686
186 1558
1283 1599
162 291
19 1430
201 2163
441 1724
897 5749
337 1651
1987 4511
2548 2549
1825 3661
225 498
123 1439
56 512
1 2389
388 583
3170 3647
765 1973
883 4066
1889 2980
358 5645
327 4235
673 864
1815 1816
709 2206
905 906
668 2321
2219 3358
1816 1817
2279 2341
644 1590
176 4911
606 1993
2532 2533
447 4851
604 3253
217 2267
1618 1619
321 2556
790 874
2907 3259
189 337
2 910
580 4334
788 1611
522 1455
4421 4422
587 3675
456 1059
396 5172
438 3191
873 1026
63 1614
490 858
31 4815
1533 2774
864 1995
295 3199
1122 3087
800 1571
752 3704
908 918
47 58
911 1297
640 1588
2730 2895
2391 3036
1670 1881
1732 3106
2392 5035
546 1021
1495 2684
1677 2052
1750 2650
788 1150
1430 3209
1852 2094
1059 2973
2703 3461
4883 5003
81 2895
2281 5722
447 580
1864 2547
242 518
1571 1619
1272 2743
3100 4385
449 864
863 1117
860 1726
295 481
189 1150
1887 3353
103 388
1476 3212
5183 5303
1 124
3830 4993
285 1608
165 1862
127 1427
320 913
1115 1674
477 1559
600 877
791 4815
2443 3960
791 2656
3144 3322
1003 3025
3209 3406
1190 1323
1828 3633
744 4064
3328 4205
1546 1807
21 708
1069 2962
209 300
4063 4064
407 3207
18 458
2653 5233
422 424
6 299
343 1346
1500 1685
4161 4570
310 1417
420 729
2 3202
4213 5190
3998 4807
4435 4437
226 5767
1793 2200
813 1199
345 4838
601 877
4750 4751
2759 4235
2487 2488
1722 2008
66 787
24 4743
5045 5046
3811 3812
548 1598
57 2653
4015 4227
515 731
3401 3404
405 2387
1866 2911
1256 1901
339 807
1101 1295
35 574
963 2645
1650 1679
830 1407
306 2443
1415 4226
16 401
745 3501
1178 1627
1533 2721
829 1801
2340 4271
214 1351
148 613
2423 2491
1875 3402
875 2736
66 3398
300 3520
19 1264
452 2894
820 2730
4542 4543
339 355
2672 3836
273 4806
846 5081
1126 2069
5420 5496
933 2030
867 870
16 1336
2774 2775
2309 2311
1264 5583
835 5053
337 1151
2524 3170
1793 3640
1649 2470
876 910
2736 3209
405 1340
692 2464
2446 3404
3876 4118
715 1433
1182 2247
31 4334
703 988
641 1687
921 3207
2294 3595
604 4591
438 2311
1086 4446
1206 3996
411 3465
2595 3140
1671 2813
1298 4995
1875 2227
3573 3574
1631 3406
66 749
1430 1479
639 641
14 92
951 2973
4613 5104
812 889
3150 3707
2045 3534
18 1010
438 747
1988 2911
4385 5079
3401 3402
2788 3419
269 5851
813 966
2845 2846
580 983
2480 2484
668 3191
3029 3031
70 1357
1 591
22 23
870 923
3103 4232
324 2079
834 2385
2774 4963
3945 3946
3237 4996
6 2887
19 883
131 877
968 1790
1059 3209
366 693
327 1361
515 2983
3702 3703
617 1357
913 1288
469 896
92 93
1379 2284
580 2774
2516 3954
5194 5195
242 673
634 635
68 101
3767 3768
157 2029
1481 2623
57 5077
133 2435
672 3031
1582 2847
3504 4207
3501 4249
3980 5168
324 3057
396 1062
1931 4662
15 316
789 805
225 1116
1054 1907
1814 1817
765 1295
755 1628
5805 5806
31 4238
1361 2443
243 388
3189 3190
489 516
791 2721
700 858
129 683
661 2200
618 619
1476 4911
606 1992
1212 4404
1206 1479
4333 5040
4950 5096
1420 2666
432 435
2813 5104
1586 3405
242 470
51 4080
3583 3584
31 3406
141 1850
388 1593
587 4974
4563 4711
700 5658
13 2452
891 956
873 3417
2616 2622
1988 3207
3203 4524
80 4320
2217 4982
1794 4221
5161 5546
742 3417
52 649
1305 1345
1 1117
3173 5367
66 1361
173 395
388 1262
929 4038
771 4851
2622 2623
353 5087
1030 1936
1860 1863
3914 5616
3960 4675
2052 3094
883 5677
2478 3336
1568 1569
4883 5087
1950 3279
73 3586
3355 4207
136 800
1430 2411
1973 3663
2548 2550
132 2547
202 944
3830 5050
6 812
18 1118
396 4200
600 1150
999 1870
1156 2761
299 1611
2057 5205
3958 4726
143 3462
320 805
1292 5084
1746 4815
2907 4012
875 1302
243 3128
57 123
6 1560
908 1532
3126 3128
513 696
346 923
1339 2520
756 930
2261 2852
41 2052
790 875
902 1393
1022 4301
1116 1317
3811 3991
3311 3513
1644 3687
127 1808
4873 4874
97 1477
1020 3553
580 1430
986 2737
123 325
1316 1506
787 788
1609 3353
131 1548
301 1560
968 1259
1080 2981
92 3355
56 4844
1845 2450
16 295
1020 4348
314 596
1178 3297
1295 1726
127 5584
949 1150
47 2182
4830 4831
1024 4223
1862 2550
337 3398
2792 2988
321 4205
788 1151
2097 4199
131 788
771 2411
1479 5874
3335 4883
376 483
4020 4137
4883 5002
8 2832
313 1226
300 788
2463 5046
103 161
1864 2548
1571 1618
353 870
1651 3360
1877 5202
135 3394
911 1367
1984 2024
1303 4095
4815 5817
374 1467
482 1333
783 1471
1476 3213
327 787
1801 1822
18 3551
261 417
35 1496
165 1861
1598 4311
4667 5395
600 878
467 3513
2407 3210
295 3947
97 143
2123 3568
4711 5472
598 5132
293 626
2087 2713
189 545
3518 4017
87 326
242 2497
3404 4872
422 425
613 3463
306 4675
6 296
1116 1771
870 1579
1012 4532
729 1369
337 4447
259 604
407 460
4435 4436
226 5764
66 2330
4963 4964
1060 1137
910 3960
601 876
178 999
1206 4363
1722 2009
3269 5511
3030 3031
66 2108
192 3311
910 4369
4726 5235
1020 3444
4607 4608
24 3231
41 71
507 4503
2493 4591
670 814
242 4815
3219 3220
3299 3693
1433 1436
580 771
2178 2895
549 2524
742 4644
388 1190
3335 4838
640 1351
306 327
243 3980
873 4644
4700 5381
765 1351
328 4023
3821 3822
1291 1670
3943 3944
16 3462
1026 2973
3794 5353
2463 3465
447 2980
1180 5046
296 1534
1562 3050
1495 3451
1644 2658
377 1042
45 4806
3378 3654
346 1579
604 5723
1614 2089
1 5249
1153 2747
4445 4446
2892 3161
5114 5116
831 884
3400 4392
57 66
910 2443
41 4238
1430 2774
788 2443
3692 3693
452 2347
2814 3161
814 4919
219 1731
1736 2500
66 82
5796 5797
452 1199
31 1264
226 2240
639 640
1957 3549
1977 2551
3323 3835
3210 3402
515 4064
99 151
239 4575
513 1135
3291 4170
66 4396
775 1259
1435 1436
673 1889
2450 2858
596 2143
242 4851
692 966
2037 2481
482 966
4563 5116
327 1586
3949 3950
2157 5468
1661 1687
3251 4071
2672 4051
295 4189
306 363
5183 5642
99 2840
132 3207
1963 2321
131 876
3999 5316
3152 3752
1498 3420
968 1791
1181 2785
613 2543
758 2760
3122 5771
1749 4071
949 1611
2516 5859
1461 4769
2656 3179
469 1316
133 4277
3489 3741
1021 5307
1 2526
285 2118
68 102
31 41
160 1145
111 960
3170 4650
396 4165
1481 2622
410 753
651 2325
471 472
1950 2552
1351 4244
327 3520
1038 1588
176 286
123 1747
1586 3521
3337 4031
712 3197
607 1478
1970 3276
1052 1053
148 2143
209 363
871 3385
438 1160
385 3132
458 602
1198 2729
3280 3281
3214 4645
3461 4889
951 1302
1030 2911
295 1746
380 3106
814 3566
1881 2390
1414 3877
338 1090
299 4348
1476 5070
481 742
894 3998
2775 5677
2616 2623
37 73
831 1383
1295 1588
2943 3663
4499 5409
52 650
718 815
121 4124
3817 4062
295 1302
62 615
265 967
1316 1852
1657 2877
1291 1794
135 1406
1670 1794
1529 2472
151 292
1631 2411
264 1688
804 1830
640 1295
396 397
1180 3465
477 908
617 619
2785 3465
1427 2983
640 1726
619 2873
2385 3375
1729 1730
18 2774
186 1556
3185 3614
172 1575
1333 3554
16 791
3253 4675
298 2933
132 921
3307 3695
438 2918
5857 5858
2548 2551
1531 4929
52 2347
299 3553
2295 2811
396 4201
2714 3404
600 1151
570 4815
1156 2762
2134 2135
16 580
861 1588
189 327
2446 2714
66 4066
90 208
306 949
2446 3401
41 3980
4412 5349
1998 3679
1546 4964
2282 3504
2280 4373
3518 4148
1039 2917
4771 4772
222 3823
3278 4773
481 951
15 3838
720 5224
31 3087
490 815
207 4198
1254 3341
31 2656
3206 3632
3835 5046
411 2785
3311 3512
221 574
131 458
2771 2907
606 4939
966 2260
66 753
3314 5759
2115 2116
99 2043
438 3189
327 1567
209 787
874 875
305 604
363 775
818 3567
1 1039
658 3347
191 788
758 5532
2182 4295
1479 5583
670 1198
1701 2802
243 4334
1862 2551
2980 3115
2801 4663
1533 1807
447 864
545 660
173 2603
178 407
2411 5604
353 923
2918 4425
1031 5191
306 2759
4020 4138
300 1560
296 741
1532 1992
31 2411
1651 3506
5303 5642
2119 5704
1864 2549
2759 3196
326 1259
63 566
705 4861
199 1278
1604 4362
66 3253
1160 1628
2368 5805
1302 2656
1236 3722
738 739
189 1005
1216 1974
300 458
320 1288
2155 3827
1309 4123
5112 5113
165 1860
57 5432
467 3512
34 109
499 1719
3960 4235
2091 4525
1216 1940
2282 4845
2052 2097
1918 1919
189 5677
1515 3524
151 2840
787 1611
438 3605
1112 1236
180 1848
1500 1687
165 408
185 314
1958 2392
2422 3564
949 1644
3062 5151
1243 2883
2832 3495
178 996
874 3417
640 745
346 670
19 300
861 1101
296 359
2918 5484
3855 5430
1198 2687
255 359
242 1264
1522 2072
1077 1156
1632 1991
1014 1668
4083 5517
3543 5155
1627 1628
507 4502
2547 2549
243 4189
1117 1118
875 1631
521 1757
4838 4919
2455 2456
346 3566
1434 1435
66 3041
57 1850
2689 3706
1875 3404
14 4245
225 5217
858 1240
1977 2547
1723 3422
313 1253
3959 4726
3100 4220
67 542
712 713
2907 3025
658 659
57 1556
19 3127
1430 2721
910 4290
228 619
836 2566
165 1030
1609 2083
167 760
2249 5724
1160 1178
867 872
3799 5504
1515 2136
2372 2658
1867 1988
1684 1686
2044 2706
285 286
140 519
178 1870
458 1010
18 388
4047 4454
1 5248
1867 3769
3275 5058
2892 3162
189 4012
715 1435
1506 3554
1240 1357
641 1685
18 300
1822 4183
4449 5264
438 2309
407 1870
2630 3501
441 700
1206 1529
514 2382
5796 5798
301 3544
987 1333
545 2330
1794 2389
607 1808
226 2241
545 2443
1977 2550
1168 4396
2446 4874
875 5604
1783 3306
2599 3041
302 327
1937 1952
2832 3069
189 3521
4030 4619
117 294
584 889
191 2443
18 771
436 1558
1158 2177
1423 1471
482 2464
5161 5548
826 1329
1586 3307
20 5047
693 1499
509 510
18 3025
950 3278
1661 1686
675 2473
4050 4051
1316 3611
189 1361
103 155
1498 3421
2298 3062
3014 3040
606 822
18 1479
758 2761
461 4502
96 2358
370 2221
3070 4773
640 2221
3447 3448
248 1844
3080 3081
345 670
1297 2185
771 1430
790 1430
493 494
2907 5103
1948 3996
3285 4002
1406 1686
82 327
118 2653
966 987
148 1746
5 2103
462 5783
1582 2845
1926 3187
1567 1611
207 3698
3674 5025
192 3662
306 910
2774 3087
648 649
1479 4851
1110 1481
2450 4934
65 521
508 3355
16 1107
98 4123
835 2595
3224 3225
255 1094
21 762
1052 1054
2703 4889
66 1003
2813 2880
345 346
4177 4333
1575 1577
3280 3282
303 337
4930 4975
2356 2938
380 3107
337 607
434 435
1379 1415
1325 3529
2179 2778
191 1292
66 806
729 3998
3806 5205
129 1232
165 178
388 1595
408 921
166 1977
583 2416
192 2564
1474 3355
3506 3521
133 1801
927 2123
3827 5871
1430 3462
692 987
288 545
1822 2598
189 1427
4428 4429
272 3518
820 3307
1866 2343
4790 4978
1174 1318
908 2240
1697 1698
81 3307
370 731
1178 1629
617 618
55 56
133 1374
328 3907
694 1462
110 3457
1586 2771
670 1694
1828 2708
27 2780
4815 4851
129 4053
1696 5585
2907 5067
1631 5726
668 2069
69 1599
16 581
301 604
2973 3406
243 2721
407 1936
345 2161
991 4402
745 2255
810 2093
401 491
2253 3420
3542 4811
226 5765
5 10
1579 2088
490 2672
1923 4786
790 873
2200 3426
109 3998
1264 3826
897 4910
2668 3430
708 749
1026 1302
123 308
785 1993
3403 3404
2201 2202
2714 4872
1068 4639
312 1152
2787 4002
693 1506
189 3307
2155 4576
1862 2548
518 791
1533 1806
3234 3340
228 3627
478 2895
643 2326
1038 2221
910 1548
5144 5145
1988 3769
476 2412
2889 3437
584 1357
2721 3980
1864 2550
2243 2273
3649 4411
836 2595
5520 5521
4030 5084
863 1118
613 2231
1523 3051
661 3640
469 1499
2368 5806
2941 4202
3512 5124
189 1004
850 998
299 1560
1518 1609
33 305
1671 1744
2771 3405
3398 3399
601 694
449 673
692 3611
1955 4195
41 4394
143 173
401 582
600 910
829 4183
345 353
164 995
518 2774
176 5070
3657 4548
4277 4338
21 788
791 1264
209 604
1430 5604
1349 1830
1173 1852
66 2443
18 122
1378 3234
820 3695
66 878
2708 3633
873 2656
1970 2541
735 3301
1122 1363
127 1671
1657 3634
299 1020
897 3729
2811 3819
4607 4610
600 5025
2547 2548
998 1445
2304 2305
2355 3113
4113 4934
14 272
3062 3420
2347 2533
5293 5294
5160 5548
407 995
744 1427
31 951
474 1420
2785 5045
482 2303
16 35
173 243
693 972
502 2325
846 2518
189 3025
1292 2196
1298 5666
502 1068
1208 3067
2026 4362
1688 1881
35 127
920 2243
2281 3669
81 1005
2330 3398
41 3087
814 870
1111 1236
359 1599
143 1746
306 3520
1684 1687
3399 3837
133 729
1936 2343
949 2443
395 1746
604 876
577 1304
691 784
302 5723
715 1434
3350 5858
771 2736
355 807
1026 3406
641 1684
66 3674
1964 3468
1005 3674
1086 4445
873 951
3542 4851
41 2097
3475 4333
2390 4907
131 3687
303 3025
5796 5799
545 2329
926 2190
131 2443
447 1430
1038 1295
195 1021
1977 2549
189 3695
1006 2091
1967 3100
1873 4712
1038 1726
538 4192
1677 2693
302 787
16 4815
2713 4994
1623 1632
1183 4705
4164 4993
16 1746
685 4128
920 2665
3031 5349
5355 5356
2984 3947
127 4613
804 2094
341 1694
873 2736
1206 5778
321 4361
771 5604
1945 2583
814 1579
209 2856
2099 2945
760 5117
186 2292
1031 3462
1661 1685
191 1361
3071 3323
923 2161
1903 2618
545 4235
1430 2656
131 878
295 1059
249 785
315 5134
5180 5181
1156 1550
295 580
3598 4288
66 3544
1031 3087
2037 2484
1861 1866
729 825
1151 2330
528 2492
189 2775
842 2260
151 1274
1049 3202
545 1611
2528 4221
1671 5069
54 55
4934 5124
1948 3997
189 788
571 5004
2809 5753
1992 1993
288 1611
4205 5079
4199 5552
5087 5088
133 829
447 1889
1077 1550
1875 4873
16 1477
411 3291
651 3656
828 3132
648 650
2249 2251
601 3458
1051 1052
358 4115
4012 4098
1052 1055
1144 3048
3761 4358
1631 3209
968 1334
2556 3100
1417 2167
242 243
1236 2617
3368 3369
1199 1506
173 1264
963 3026
131 2108
2255 2256
897 4801
4952 5631
2086 2766
1686 1687
18 66
421 1907
845 4636
600 3458
290 1198
420 833
4393 5831
2129 3355
255 722
3828 3829
6 4929
127 745
3028 3361
2666 2802
1922 4544
604 5025
154 420
174 931
1062 1559
984 1855
111 1356
421 714
996 1030
85 1377
495 2182
18 518
1430 2973
1008 1324
3025 5211
4473 5001
3919 3921
693 1199
411 5045
508 5495
31 173
641 745
2634 2657
4883 5088
129 445
314 1011
876 3253
3025 4309
1415 4986
1889 4910
1235 2394
4238 4334
143 4189
3402 3837
2740 5136
2108 3253
66 1586
196 4069
581 881
4644 5604
1181 4170
2298 3420
1916 3701
643 1618
876 4235
683 1877
604 3405
617 933
2497 4991
16 582
771 1026
143 1783
1279 1296
2376 3828
785 918
2267 4148
59 617
16 3980
66 327
3297 3605
745 2254
2402 2496
243 613
1430 4644
346 870
19 52
765 1588
775 1897
287 1939
1627 1831
700 3124
65 167
874 951
2877 5220
396 1545
133 3998
923 4919
1645 2487
3041 3674
3559 5081
2518 3835
2118 5070
785 1992
2628 3976
1212 1213
2294 3212
2714 4873
3918 3919
255 506
2774 4189
2813 5220
975 2177
2567 2807
136 643
66 604
4238 4851
1862 2549
321 1254
92 371
1479 3980
1746 2774
747 2309
583 3739
3980 5191
45 3355
3400 3401
296 3507
1170 4806
650 922
321 1024
1005 2730
15 2062
731 1757
1864 2551
132 1000
1000 1770
5003 5088
602 1150
4189 4238
57 3907
908 1992
2677 5775
66 3251
157 2792
1093 3537
189 1003
300 452
3905 5612
62 4807
721 850
2656 3417
2228 2302
3980 3998
55 512
1302 5121
3251 5067
1845 3512
401 581
306 4591
209 288
3782 4992
1807 2940
1433 1435
173 4189
57 148
327 2684
1264 4910
3906 4677
2072 4127
444 1208
286 3355
2814 2892
451 1676
456 1302
825 2931
3642 3661
685 1120
21 787
310 2964
176 5704
18 123
769 977
131 296
1852 3611
339 717
2678 5212
580 4189
3289 4029
1733 3108
771 3980
266 1424
302 306
2999 4216
300 3960
143 518
1049 1339
1794 4396
672 5349
5635 5754
173 447
619 915
2347 2532
148 771
545 1521
4238 4815
327 1611
2726 3806
518 1264
1214 1364
600 5723
66 4235
104 4051
173 242
1110 3740
754 1259
242 3543
693 2464
3594 5459
242 4238
413 1344
2126 2421
659 821
341 1198
1009 1288
883 2599
18 4238
1521 2072
15 518
129 135
2918 3515
1264 4238
545 1567
445 1073
70 1042
1272 1916
4246 4405
467 4113
3071 4975
320 1009
69 1518
820 1362
313 2408
73 1011
3846 5009
3956 3957
3062 4908
3544 5723
3828 4576
132 407
132 203
502 651
1618 1781
1476 5468
716 3309
1406 1844
1367 2402
1601 1809
446 1483
3184 5237
131 3686
1609 1887
140 4792
3793 3794
4806 4900
3031 3269
722 1080
4834 5118
304 993
524 1970
2087 2242
1977 2548
2280 3996
129 1226
3309 3433
1801 2598
2446 4872
3210 3401
118 148
66 883
973 1377
4995 5524
1198 2713
4386 4830
1548 3960
424 425
4366 4854
2730 3041
438 4134
482 3611
4209 4210
313 843
1198 1200
2858 4113
5069 5105
321 4360
1415 3877
296 1010
1870 1988
1484 5212
283 284
693 1852
1283 3507
1170 2368
806 1736
4092 4093
1661 1684
370 1038
106 2124
613 3117
3811 3935
567 917
1951 2425
302 4675
460 995
524 1000
161 1782
602 788
1579 4919
805 913
3833 3999
341 2729
2253 2272
399 4221
1866 3770
558 3842
2627 2628
167 521
1861 1865
643 4972
327 4591
2826 2930
332 1291
146 4159
3210 3403
306 1150
1235 4939
2224 4967
1679 2742
148 185
189 787
288 3960
2330 4447
20 115
37 955
4764 5370
4177 5040
673 863
1875 4872
791 4851
162 220
143 1539
850 1445
2163 3405
2234 2819
442 1724
2249 2250
1427 2255
5104 5584
876 1361
685 5789
1051 1055
482 1852
1993 2242
388 2416
617 1013
2499 2919
987 1506
5503 5505
2182 3652
389 774
889 1240
298 5324
1363 3308
727 1389
2086 2767
430 1937
1943 5387
785 2239
4440 5251
860 1101
259 452
1381 1597
791 3087
5057 5208
1562 2036
197 368
5322 5384
447 1168
19 580
495 1099
4358 5058
1820 5841
641 861
201 966
718 3185
3999 5511
567 2236
87 1334
2280 5248
2443 4235
1387 5046
1199 2347
897 1288
2656 5604
1131 1657
835 3140
122 325
66 2599
1469 1585
3916 4847
18 1430
288 3544
641 744
185 532
3212 3549
59 63
1272 3307
4199 4424
118 606
713 2554
948 1399
83 2441
3543 4906
1862 1866
81 820
5572 5573
19 1546
4038 4230
2298 3421
146 1019
3210 3404
2714 3403
745 860
999 1866
1634 2218
1062 1872
133 4424
2240 2241
1984 2138
3297 3515
301 602
446 3613
3302 3632
1329 4024
1546 4963
2759 4591
1353 4322
2952 3029
1254 4889
410 910
1264 1746
678 726
755 2069
5114 5115
2597 2808
207 2495
2726 5086
1935 1981
345 3566
601 788
209 2330
18 20
1181 3835
166 1864
1980 2621
541 3776
1677 2683
4198 4434
790 2973
243 3127
724 1937
1969 4561
2027 4199
2294 3213
2895 3307
685 5790
385 4242
1389 1390
8 3495
678 3025
3405 4012
2591 5597
13 66
791 2411
41 777
3794 5009
300 1010
301 327
396 477
1 395
2463 4170
574 1548
604 2443
640 1774
12 1913
3400 3402
370 765
804 5081
413 2819
1412 5631
2087 2240
426 714
1027 2548
602 1151
285 1825
2910 5010
908 1993
161 2228
1003 3405
3647 3964
128 207
276 447
1600 4813
2217 3452
2024 2138
2155 3828
251 1381
57 328
1347 2161
1346 1348
703 705
1922 2461
1631 2973
870 5002
458 812
2037 2767
3413 5285
3905 4092
551 866
2450 3311
1259 1791
1433 1434
1430 1746
36 3704
6 300
299 306
2450 3454
2118 2884
183 1200
556 3502
613 2603
31 2736
2268 2440
1258 2296
791 4238
580 3980
2665 2852
2457 2799
73 1042
242 395
1904 1905
1276 1796
3793 3846
4750 4752
1477 2603
1532 1993
2721 3067
38 127
131 299
3293 5463
5057 5606
923 1579
1510 4940
5395 5397
1236 2353
482 693
1733 3107
518 580
131 1644
1522 5602
2227 3399
1 152
3025 3606
2547 2550
16 263
1150 3686
5305 5306
4373 5249
2777 2778
1031 1264
1837 2745
3960 5025
6 753
2915 2916
771 4815
55 4328
1936 2275
60 1974
1264 2774
842 1316
1417 1786
820 2743
35 97
1257 2364
62 1080
441 442
2035 2381
659 820
996 2343
1110 1111
587 4133
244 5579
265 1609
5160 5161
2042 2814
3269 3290
19 4238
43 312
2039 2438
273 5083
160 3148
4238 4394
368 1247
2294 2811
340 4354
1433 2323
327 3544
584 1011
908 1235
31 3980
2243 2665
604 878
3154 3155
3646 5491
3747 3748
668 755
3905 5614
715 1436
425 426
131 1151
742 951
2666 4509
407 1867
876 1548
3031 3927
2112 2577
81 2730
600 4675
395 1168
4211 5073
790 791
217 5522
791 1302
1465 2599
127 504
2446 4873
165 2551
1325 4845
63 812
31 742
4386 4831
2057 3811
424 426
132 1867
192 3454
661 1292
995 997
2515 2996
73 1785
1905 1906
549 3647
62 2981
2036 2595
13 57
1150 3458
613 1261
958 1233
2254 2255
2524 2989
1617 2630
264 2373
446 2733
3855 4674
1799 3610
474 4509
1005 2895
2617 2618
2774 4964
3413 3415
148 518
2766 2767
1311 1825
1863 2548
4790 4791
1257 1699
5546 5548
1021 2070
3812 3991
1366 2983
1861 1864
560 1441
1944 2536
1499 3611
1359 2123
700 1724
921 3769
1178 2312
411 1387
875 3406
306 1151
186 2713
447 791
4386 5447
3310 3730
4765 4766
1627 2321
1582 2848
16 1479
1243 2752
176 2118
2102 4524
6 458
1356 2200
41 4189
74 852
2 1049
243 395
1172 2854
41 4334
1993 2241
165 460
1068 2323
601 910
515 1038
902 946
3305 4207
2037 2483
2721 4334
461 3355
19 248
2938 3368
1586 3398
991 1922
871 1980
1051 1053
41 2253
1531 5153
812 858
4148 4382
787 876
19 470
327 2443
1344 2819
949 3544
5161 5549
829 3998
19 583
447 4334
136 745
619 858
3291 5046
641 860
1 573
447 2497
97 148
771 3813
1228 3567
1254 4203
670 2729
915 2030
143 2603
1030 3769
499 665
1283 1799
2591 5406
242 2721
274 2777
1941 2774
729 2981
1658 4726
2774 4851
606 785
2552 2584
82 117
118 607
35 57
729 4178
44 185
127 2880
68 70
123 1429
341 1494
1110 2618
2714 3400
82 294
4468 5478
651 2357
692 1199
2240 2242
3980 4084
1617 3041
302 1150
4805 4806
301 601
3269 5316
225 3503
59 619
310 2301
2256 2740
1961 2738
708 788
600 949
1866 2274
583 1236
1324 1698
790 1026
1546 4851
1353 3626
25 5837
346 868
2242 2713
949 3960
281 4385
2981 3998
248 1406
2771 3025
1236 2616
295 3462
1865 1866
1302 2736
189 363
2681 5133
18 21
1609 3507
1498 4723
333 908
545 876
248 1116
97 613
118 221
413 2235
251 508
580 1546
31 3462
896 972
183 1596
4386 4726
5218 5219
1881 2389
4687 5092
300 604
66 602
4957 5246
295 456
1763 3998
4096 4798
826 3251
747 2311
31 242
303 2907
3400 3403
148 574
703 1292
3919 3920
470 673
3958 4386
518 1479
469 3611
3237 4793
2120 4168
705 1065
3553 4348
2294 2295
874 4644
1031 3980
1658 2272
19 3025
3173 3245
19 4334
2376 3892
341 670
526 5632
521 760
703 704
191 3688
299 3422
870 5003
20 52
4976 5266
836 1562
771 4393
672 5251
972 3554
1259 1790
2261 2273
741 5196
507 1381
1180 2518
934 1790
6 301
2480 2766
1316 3554
306 1611
1651 2330
2814 3037
496 2496
169 850
1904 1906
18 121
619 1013
2656 3209
66 877
865 4211
3642 4177
2118 2294
1733 3106
166 1988
447 1117
2227 3398
3998 4084
672 3929
2523 3797
1583 1632
326 1790
613 1262
1150 3687
3830 4377
2218 3358
1126 1160
4373 5248
1379 5216
766 3008
1152 4013
1117 1995
201 925
106 2134
376 405
2577 2578
3461 5158
1283 1887
1334 1790
41 518
3541 3543
2086 2482
1026 1631
21 189
3761 5058
4591 5515
1776 1973
127 607
2518 5045
675 4045
301 878
140 4292
585 2184
305 452
178 1866
3936 3937
243 1430
19 3462
4987 5522
4619 5084
2447 3210
462 2118
1113 2618
996 3769
226 2713
637 1925
288 2108
1757 1967
1171 2035
189 4008
421 715
131 1150
2483 2767
30 368
300 2443
18 296
4830 5831
1053 1436
160 2517
407 1866
4183 4339
1148 1276
281 4454
2112 2578
131 3688
790 3209
366 2159
159 970
1025 4408
5 464
2891 2892
132 3769
41 388
165 2550
874 5604
1080 4807
131 1611
2483 2766
217 372
438 668
1611 2443
3405 4066
104 3778
3110 3782
552 1642
131 949
3541 3542
30 3397
242 4991
3606 5534
143 2774
1333 1499
2677 3965
1417 1668
1651 3521
693 813
747 1831
24 2536
0 5510
388 1445
6 1020
2450 3662
3321 5767
1565 1566
2966 4072
1348 1677
1031 1546
395 4815
3462 4238
3100 4339
2323 3752
1548 4591
870 4838
934 1259
21 66
2751 3662
4397 5692
3071 3640
925 5188
1379 3877
652 1787
390 2364
170 1966
1801 3998
898 1384
1958 3212
1875 4874
2482 2484
176 2119
3646 4642
999 1030
412 3862
2541 4470
123 1607
1548 1567
37 3063
300 1611
1993 2240
1151 2856
127 1028
1546 3980
1994 3342
1593 1665
902 947
3210 4392
1118 2497
63 2089
791 2973
186 1557
2938 3369
4 109
1014 1417
1579 4078
2321 3191
1610 2621
1696 3990
1295 1496
1958 2118
288 327
3828 5149
1246 2448
423 1055
135 683
157 1135
395 518
337 3506
41 3054
1026 2411
1658 4386
1707 2656
1 572
4334 5108
467 1845
1597 2129
1173 1333
135 3105
411 5046
1387 2463
933 2089
3331 3434
388 5345
933 1614
6 2228
813 1852
1586 2684
19 2774
580 2721
1862 1864
820 2591
889 1011
911 2496
327 1150
335 948
1135 1190
385 2598
1180 3291
1891 2288
388 703
1496 1588
814 2161
1564 1565
165 3207
2714 3401
445 683
1026 2656
136 1427
1173 2303
226 4994
771 1031
1383 3574
3839 3840
302 1151
301 600
1272 2684
771 1746
850 1415
73 2813
59 618
2432 2436
1903 2616
1866 2275
186 2831
2952 3031
306 3960
190 2455
346 869
19 57
698 4845
874 1059
18 131
399 1794
1679 2297
4195 4641
587 4035
388 613
2738 5629
3214 5152
303 1586
2847 3673
705 2208
1 4373
173 1122
896 1199
1686 1844
19 388
5061 5444
429 605
842 1506
70 115
176 1476
1420 1421
191 787
1746 5566
69 296
2055 3071
124 1349
2137 2909
825 1822
934 968
192 5124
1333 1506
67 3135
1035 1036
1073 1233
747 2310
1713 4101
1126 2310
143 1251
1110 1903
496 898
1272 2895
1181 1387
2447 3837
2249 3422
2777 4899
41 3462
1479 4322
5069 5078
225 309
1597 2504
108 1498
4662 4666
897 913
1173 1199
619 2030
3274 3275
1402 1403
2004 2005
306 3544
3173 3244
2376 3827
1846 3140
2852 3596
20 70
173 3980
1288 1367
648 1066
583 2770
214 3987
444 2721
1704 2087
1010 1810
771 1264
1439 2439
2518 4170
1031 4815
877 878
934 1791
3062 3214
301 3422
410 907
215 760
74 109
1103 2381
580 1746
305 3328
4226 5216
796 5615
717 807
97 678
243 864
65 128
2255 5061
1479 3959
1373 1424
456 771
18 118
785 1532
131 301
5388 5389
242 1560
755 2321
2035 3140
2272 5447
1005 1617
388 5527
2118 2295
813 842
2227 3401
923 3566
2556 5079
326 1791
442 700
813 987
3028 3095
1671 5584
1521 1548
321 4385
894 5018
288 3253
1233 5705
410 5609
4436 4437
1427 3501
106 2135
3113 3379
554 555
57 3089
4836 4837
2259 3029
1210 3990
2253 5605
70 377
1611 5025
5119 5698
668 1178
19 2721
67 517
2086 2483
3605 4064
866 3359
771 951
1588 1726
41 2553
191 1644
1302 5604
4017 5240
2025 2853
127 606
2541 3276
2631 2682
1518 1534
525 2489
327 1005
2858 3662
2703 5576
62 1374
445 1102
178 1867
306 788
153 3159
1338 3610
5429 5430
602 787
1479 3462
1113 2617
4861 5248
1110 2770
2356 3490
2481 2767
318 445
607 1657
951 2736
2143 2407
883 4850
306 1644
281 4453
2025 3715
286 4342
127 5069
226 5794
182 3714
164 2275
1 4396
1544 1600
1929 1930
4576 4649
41 395
165 2549
295 1546
745 1427
4113 5124
870 4078
370 1496
3998 4183
966 2464
712 1971
189 3405
758 2822
191 1151
69 2083
31 518
692 972
295 2721
164 165
306 5723
2546 3748
300 1361
3403 4872
3299 3692
73 118
545 3520
778 2851
1 41
370 515
797 798
3321 5766
302 3960
1866 3769
2411 2973
2134 3524
972 1316
2037 2480
412 1023
729 829
1 12
189 2771
2752 3310
1102 1406
1235 4994
249 3552
4591 4675
1845 4934
4615 4616
5168 5191
876 3458
693 2260
45 4900
170 1967
2880 5584
4198 5688
1264 3087
148 242
1936 3207
39 2031
97 2231
1 3996
602 1560
771 1881
2721 2774
127 1031
2185 2496
29 139
447 3980
1460 4722
2988 3356
251 507
1150 1548
70 584
76 1549
1807 4963
330 3545
820 5597
190 881
2321 3190
2721 4189
1254 2833
133 1763
39 596
447 1031
37 115
57 653
124 3559
1562 2035
736 737
18 864
1934 5413
474 1395
4358 5057
1190 2495
483 626
31 1302
1180 2785
2656 4644
1575 1576
295 4334
2811 4257
1644 5025
3291 3835
327 1548
499 667
35 221
1302 1631
518 4189
148 395
3458 3960
209 3259
368 1100
1479 4238
1958 3213
63 617
452 2532
1864 2911
301 949
3980 4238
327 949
1110 2616
3212 3213
189 820
1053 1055
4468 5472
16 1430
873 2411
21 327
155 388
2013 2014
4868 5167
1671 4613
946 947
376 727
82 2418
326 1093
2624 2625
1135 5133
1723 2606
3542 4812
137 2792
1644 5772
26 2632
850 1190
322 2511
337 3025
747 1126
1236 2618
1476 2884
143 2231
4764 4765
1168 1794
15 221
18 19
591 910
722 811
285 3355
179 2824
1005 1644
436 437
1 1168
860 1295
1088 1198
100 101
760 4332
1567 3253
1003 4066
1579 4838
950 3070
192 3512
456 597
755 1179
19 613
66 600
345 1347
1150 3544
273 274
968 969
934 969
273 2118
918 1558
1339 4504
395 771
554 1304
1329 2966
1272 3041
449 1118
462 1597
745 2983
601 2443
1126 2311
4334 4851
973 1167
967 4216
300 787
1183 1324
1014 2281
173 4851
176 5465
2707 3461
606 2087
2751 2858
700 2488
191 1611
1351 3663
2407 3404
3512 4934
189 2730
76 3173
1272 2606
658 1183
689 1097
516 1025
3269 3299
3173 3243
15 2435
133 5740
2155 5149
165 1870
426 2126
408 2911
1006 3278
3031 3833
1992 3321
16 678
709 1736
1067 1502
875 951
268 4301
243 295
760 891
692 1852
164 921
447 1546
1028 2813
214 215
3399 3404
2752 3730
613 947
1254 4920
745 2111
2037 2766
2823 5749
2911 3207
1026 3209
1065 4657
857 3023
63 1716
356 386
1479 3958
85 2456
306 604
131 300
3405 5288
47 128
1992 2239
2907 3405
496 2720
131 189
1062 2512
779 3947
2227 3400
729 1822
242 3087
3405 5103
66 1377
482 842
13 18
2146 2449
1419 4974
805 2402
3958 3959
2111 3663
2918 4064
2446 3210
1720 3062
41 1546
113 3912
333 1559
3323 4338
4604 4605
57 1317
790 2411
853 1169
265 1688
67 516
452 2334
189 209
16 2721
1749 4072
4189 4334
2774 2940
607 2559
465 466
2708 4306
301 876
2858 3512
55 285
388 624
441 1645
726 1746
157 2681
243 4906
458 1020
296 1283
3734 5392
1628 1629
1113 2616
999 2343
1072 2487
659 2175
189 749
2321 5484
1171 2381
3980 4189
2481 2766
1958 3549
481 791
5548 5549
1168 2497
359 1534
1072 2709
458 545
18 1746
76 2524
1003 2771
217 2282
896 1499
18 185
193 2926
41 1948
466 991
288 2443
4579 5289
1107 1130
19 225
182 3715
617 1614
380 1872
670 2292
3898 4515
165 2548
140 458
2816 3560
337 5103
19 447
560 1029
1014 1786
2129 3002
191 1150
121 1942
164 166
2824 3073
1860 1988
3975 5272
1407 2063
209 1151
600 3960
300 949
272 4806
1369 1808
678 1546
2858 3311
1548 4235
104 3185
949 1361
1170 2778
73 454
3293 4581
1467 1504
6 1010
3321 5765
5765 5767
1 146
683 1102
452 2433
59 1013
76 2989
18 4334
1233 4225
513 3012
999 3769
1562 1846
1966 1967
1339 3804
504 1855
252 2469
33 259
132 2341
47 1318
1860 2548
331 3827
14 2224
305 3100
1845 3513
579 4065
4563 5115
1329 1749
1062 5794
65 956
3191 3297
814 1347
4235 4591
5335 5737
3087 5594
19 31
385 729
2764 3577
782 1676
82 788
1226 1253
129 1209
522 1456
345 3335
2321 3189
747 1179
1599 2083
1178 1831
3357 3514
1067 3026
131 1560
2323 2428
2585 4790
1451 1666
3126 3542
1753 1754
788 4074
951 3406
47 1757
2447 2714
1243 3592
1317 1429
2179 2777
92 3518
869 870
337 3521
2151 4089
897 1171
3404 4874
3462 3980
1546 4815
129 1686
940 2830
3518 5148
753 2890
499 666
136 1619
731 1351
469 842
228 2873
1546 2774
3398 4392
35 173
1525 1750
1102 1209
3251 5677
3832 4485
1288 2185
3195 5431
3980 5566
33 604
2143 3404
749 788
729 4183
1548 3458
4858 4859
452 2533
69 1799
272 2267
57 5000
1567 2108
1110 2617
164 1988
1053 1054
1279 1678
2014 3895
2021 4333
452 1691
288 1644
108 805
454 1261
2037 2086
3170 5048
3209 3417
2519 3647
251 855
910 1168
1199 3554
2057 3202
441 947
413 5536
341 842
327 363
435 1441
477 1062
299 458
855 2661
818 4002
804 1189
346 867
548 4311
4103 4368
1562 3140
516 4408
2877 4317
2406 5235
850 1078
4764 4766
836 2381
2684 3695
2343 2911
613 705
462 1239
1533 2940
3659 3660
3772 5232
209 788
605 2358
1387 3291
73 1317
131 209
181 2738
4005 5148
128 4865
1151 1611
992 4544
3918 3920
192 3513
755 1178
460 1030
1182 2045
73 3562
61 225
580 791
597 927
301 306
66 601
80 5785
1235 2241
2026 3676
835 4462
958 1260
3133 3134
1862 1865
143 726
668 3189
294 3092
1806 2721
567 5120
449 1117
1562 2381
858 947
826 1749
1822 3998
752 3133
601 3687
999 2274
5000 5617
1111 1113
1604 1629
2735 4269
947 1724
924 1172
1776 2255
3984 3985
2342 2343
57 4023
1964 3170
3335 4078
500 665
1479 3087
4645 4908
306 878
583 2623
1170 3518
470 864
777 2272
3025 4012
388 947
2381 2595
389 390
1562 2595
41 4393
2450 4488
16 4238
1557 5750
410 978
57 159
3948 3949
243 580
876 3960
601 602
627 2110
65 789
1099 3652
2057 3812
545 5723
846 3559
29 2428
1562 4043
1338 1799
4109 5684
19 309
368 497
388 1642
288 5723
299 613
444 1546
3769 3770
5421 5422
41 1746
2883 3228
447 1118
2227 3403
712 1945
187 629
4447 4563
729 2598
963 1067
1479 2721
529 1750
16 613
1964 2524
390 1257
5638 5639
358 1725
2094 3411
313 1686
425 714
63 1240
1498 3793
1763 1822
74 227
602 3553
251 2009
35 148
1067 1501
182 2665
303 3251
2086 2481
2035 2036
1830 2094
31 5604
196 3844
1298 5524
3221 4933
2823 3729
2592 4517
617 838
676 841
165 1936
55 284
3980 4984
4360 4361
447 470
140 574
1150 1361
1611 4591
2182 3089
4850 5067
182 2261
41 1479
82 749
3212 4257
1113 2623
5231 5716
1297 2496
1481 1903
996 1936
826 4072
2546 2566
3998 5119
1384 1679
302 949
641 1661
305 1755
1171 2036
3311 4113
57 74
481 790
3446 3448
1479 3750
5078 5104
3855 4694
18 295
405 3913
525 4391
1476 5465
608 2207
758 4276
15 118
346 859
850 1135
132 178
19 35
873 1302
209 545
3892 5212
3974 4581
259 305
2024 2390
1389 1672
1631 2656
165 2547
47 167
4170 5046
883 1003
133 1822
1272 3422
1302 3417
151 197
949 3520
469 482
2151 3911
921 2343
970 1257
673 1258
1655 4256
1806 2774
820 1723
4817 4818
314 532
1546 3025
2546 3746
19 2416
209 1150
30 1148
693 1316
1668 5140
1494 1598
262 3271
469 693
1431 3203
133 2598
309 1116
606 2242
21 1736
16 148
3309 4510
1059 5604
770 2929
56 4328
264 967
3321 5764
5765 5766
1351 2221
1800 2057
4183 4807
1 2
353 1347
288 4591
914 1488
209 1611
1865 2550
4510 5352
3 5493
829 1369
132 2342
57 388
572 573
1594 1698
4711 5116
2482 2483
1288 1297
111 174
96 605
477 1872
2891 3037
3281 3282
1685 1686
3269 3693
790 3406
461 508
3453 4176
176 2392
37 3433
4394 4830
1264 4815
447 1746
876 1644
135 3768
2923 3734
651 4285
19 143
3874 3875
2428 3251
812 1262
699 1178
1549 3170
332 333
2785 3835
3228 3229
747 1178
353 4883
493 1458
613 1345
986 4390
1005 3307
2185 2402
2751 3311
4677 5614
21 806
303 2630
1586 4098
1 561
18 753
1631 4644
613 1972
86 3100
2124 2135
4659 4661
1059 3406
473 669
1024 2556
683 1406
1860 1864
3331 3806
3311 4934
3328 4385
296 753
73 3768
131 602
133 5119
3341 5858
577 3545
1 332
31 4851
2518 5046
4447 5103
358 2718
749 787
303 5103
388 1323
63 619
3210 3398
1828 2707
2443 3688
327 806
2736 2973
4801 5775
1301 5065
339 1836
124 2094
1534 1799
606 1478
1366 1427
320 911
306 3458
969 1334
4664 5496
3100 3328
66 302
173 1546
47 3089
3914 3915
2823 3084
305 1763
602 1611
260 289
791 1031
1049 3804
1379 4226
15 57
1264 1546
1754 2966
327 2599
1316 1333
2597 2945
41 295
1005 3501
318 1877
693 3611
1210 2999
559 3157
2721 4238
1406 2408
814 4838
131 306
613 704
1086 5693
57 574
883 3398
2321 3297
2493 4235
818 3559
923 3335
515 745
3405 5067
3918 3921
173 3117
609 1655
1181 3465
1484 3827
300 600
219 4336
818 925
3794 3846
1347 4838
1830 2518
685 2207
2591 2592
131 910
1724 5861
918 1556
31 873
874 2736
668 3190
368 4065
1427 1776
835 1523
32 3556
4529 5297
1126 2309
236 552
1518 3507
752 3134
947 3962
3189 3191
601 3686
31 143
700 1538
302 4591
3454 5124
288 3688
1111 1112
490 1538
2283 3216
15 955
2097 4424
951 2411
600 601
16 2774
43 129
21 2731
3259 3506
825 3100
1270 2302
395 1264
1526 3119
583 2622
225 5770
600 2443
1135 1445
4225 4500
1864 1977
820 2179
66 306
197 1100
2512 5794
1498 5151
243 470
155 584
3739 3740
430 1046
3662 4113
1757 3199
3948 3950
171 1598
260 261
65 891
1180 5045
2255 5444
41 2526
2759 4447
330 577
874 1026
265 506
727 1443
302 602
641 1500
17 282
2447 4872
2311 2312
131 302
1655 3155
1466 4277
1059 1430
482 2260
2057 3786
131 191
299 949
583 2353
2227 3402
490 700
4295 4361
18 791
421 426
703 3707
607 5220
249 918
5797 5799
331 5149
108 146
2330 3405
18 678
1190 1445
1993 2087
27 924
567 2930
2330 5103
2347 4679
16 395
1283 4944
608 708
333 1557
328 4803
2562 4233
1173 1499
251 2008
1914 1917
1126 3605
1506 2464
1466 3998
189 2907
1886 5095
507 5495
1344 2234
597 1526
2042 2696
295 447
441 1538
875 3417
762 2418
4995 5666
399 493
1329 2428
521 1123
306 787
1627 2312
850 2600
1028 2880
423 424
1353 1479
16 3025
1113 2622
275 2661
2118 2811
9 4069
5547 5548
57 73
1875 2143
876 4591
180 3673
601 3544
1232 1686
1339 3966
601 949
604 3960
52 123
2093 2177
2764 2938
814 4783
316 2139
1369 2813
2118 2119
243 3462
302 545
1005 1586
20 1042
842 1494
830 2599
975 1594
600 1548
66 1020
1501 1502
921 2342
435 5110
104 3782
189 5103
2546 3747
221 2653
327 5025
1807 1941
447 3087
370 860
1525 2566
1865 1977
413 752
752 1612
469 692
1494 4311
129 313
1521 4235
242 4189
915 1207
813 2260
506 4179
2895 3695
2143 3210
166 995
87 1791
262 4070
242 580
5504 5505
5321 5323
2118 3355
1830 3559
21 2418
3210 3400
41 4373
601 3960
811 897
1116 1888
193 1450
987 1852
1350 2097
447 2721
3713 5186
19 1746
1763 4183
742 874
1860 2550
4849 5420
2789 5749
1814 1815
1254 5576
1329 4071
388 2543
461 507
173 1479
462 2368
643 775
2994 3380
4394 4831
76 549
1439 1607
762 1249
159 1257
2518 3291
2672 4759
3905 4677
1236 1481
1236 2416
3399 4872
2811 3549
1588 2221
700 946
2368 3355
259 300
3278 4720
1519 2047
214 1902
3400 4873
164 407
1671 5104
1502 3123
1 4286
3593 3706
329 330
1446 1946
132 1860
545 1361
73 4380
742 2736
395 570
18 863
3878 4523
864 1560
2267 4806
41 791
3864 4616
3170 3244
1113 1903
2865 2866
295 771
1860 1865
272 4900
121 146
69 82
242 3462
951 2656
3341 5857
883 2759
1746 4334
135 248
482 692
66 5103
170 1757
3403 3837
63 618
1185 1186
31 456
883 2533
1558 2468
876 1150
321 3100
1323 1593
1110 2623
883 2330
2208 5738
481 1026
587 834
3140 3514
164 3769
3173 4469
742 790
66 303
2677 3084
1988 2343
3025 3398
1479 4815
1725 4115
771 2656
1295 1776
136 1781
966 1333
103 857
2137 2138
583 1235
1107 1369
842 987
5583 5864
5738 5821
2401 5179
670 923
4399 4726
454 616
330 554
963 1502
515 5077
2303 3611
949 1567
785 1558
1003 5103
481 2411
327 2743
700 3123
133 222
710 3784
86 214
1941 1942
255 741
73 2877
2236 2287
771 4520
1255 1318
129 1844
515 1295
143 242
445 446
4983 5131
66 949
515 744
1830 5081
143 2721
242 1746
3934 3937
1414 1415
5460 5461
5208 5606
300 601
1533 1941
318 1686
191 876
650 2679
1291 1881
790 2656
918 1557
490 2270
1356 1793
412 1022
18 613
148 596
242 1031
217 3355
910 3520
2282 2368
617 5689
165 2911
1725 2718
835 3051
133 1466
1746 2721
2218 4982
103 296
2407 3401
811 2823
1644 3041
1307 3798
1506 2303
600 602
343 398
365 1618
157 5133
25 835
500 667
306 876
165 1867
295 3980
133 2097
2684 2743
43 355
583 2617
318 683
597 3568
123 1317
80 1292
534 703
133 894
514 1311
66 3458
3311 3662
18 449
3399 3401
790 1059
2707 4306
213 1735
422 423
447 3952
999 3207
998 2526
127 5077
2505 2506
1113 1481
395 3462
515 1101
678 2603
3278 4665
29 1749
76 5048
1150 1611
874 3406
3827 4576
25 1846
2443 5025
5395 5396
3087 3980
1103 1984
606 1704
518 574
66 159
2303 3554
584 838
4295 4360
1234 1236
3246 3328
421 425
140 780
1423 1442
5797 5798
490 947
305 704
69 359
908 2713
1150 3688
3829 4649
4233 4234
1479 2406
1466 2598
829 1822
771 5121
249 908
608 709
4851 5155
19 864
1579 3335
3269 5349
1869 4581
2714 4392
1335 2158
1316 1499
1178 3515
2847 2848
186 249
1344 2235
908 1556
4124 4126
214 731
818 2094
643 1781
148 317
1607 1747
606 2961
16 3087
303 2856
972 1506
55 286
242 771
760 956
788 3253
691 1146
2411 2656
326 754
135 445
37 1317
408 3207
1357 1614
1586 3522
16 4189
949 3688
14 2267
790 4644
513 2568
966 1506
842 896
4851 4906
1522 1566
21 749
1611 3688
3990 5585
371 4017
441 858
3126 3127
643 699
201 1146
2463 3291
2483 2484
1696 4216
804 846
2648 5028
2329 2330
4523 4847
338 1108
3291 5824
1118 3063
231 388
189 3544
81 2743
515 1351
4499 4522
4764 5287
306 5025
1 4290
921 2341
165 999
1117 2497
2108 4591
3172 3724
285 3298
444 1806
813 2464
1484 3892
300 545
3335 4783
214 1295
370 861
121 3627
413 5826
726 1477
121 245
319 1937
1670 1967
602 876
606 2240
41 613
3729 5775
87 1790
996 1988
908 2241
2979 2982
491 581
2273 2852
937 4528
552 998
5766 5767
143 1477
1396 3675
388 704
683 1232
2952 5251
2989 3647
1865 2548
87 2012
908 2087
353 4078
911 2185
1496 1726
2260 3611
626 1389
758 1154
388 998
490 4593
742 875
66 1736
1059 2411
875 1430
583 1113
1860 2551
331 3828
2256 4952
395 4238
1392 3059
874 1302
458 753
2143 2227
191 209
173 295
791 3462
3601 3982
1378 3473
426 1055
604 1521
306 1548
699 755
587 5181
101 2230
2208 4861
82 787
658 2204
2390 3078
18 43
0 546
700 947
2858 5124
1799 2083
1479 4910
785 2087
108 2298
3400 4874
135 4356
178 408
303 2771
4751 4752
3087 4815
262 5001
1599 1799
189 1736
132 1861
505 2323
571 4108
225 1888
587 1610
580 3462
2376 4576
3870 3961
4125 4126
3170 3245
1185 4253
4758 5514
842 1852
1860 1866
19 863
1869 1924
1349 3559
2441 2442
1571 1746
395 3087
2135 2136
16 242
192 467
671 2025
1567 4591
1246 3262
1439 3227
3996 5248
1806 1807
482 1316
972 1499
1957 5035
1546 3462
883 2532
73 5130
876 1151
33 300
1272 1723
74 1356
74 3640
2368 3504
742 791
66 300
131 3960
4499 5404
685 749
1096 2816
1518 1799
583 1234
293 724
14 4899
3253 5724
745 1811
2231 2232
1992 2394
337 2116
1430 3980
1479 2253
66 97
2086 2480
1737 2282
785 1557
643 755
19 173
47 891
710 3785
35 835
464 3844
5812 5813
1644 3674
1985 3921
883 2775
1236 2340
19 395
571 1206
1430 3417
4911 5465
1381 4806
600 3686
2443 4675
1958 2294
300 602
673 1168
692 896
3185 3778
1235 2242
4352 4799
279 280
3210 4874
31 875
602 949
2118 5704
3029 3030
2356 5249
2272 4386
1264 2721
1845 2858
128 521
385 3998
18 2721
2696 3161
189 1151
2677 5749
712 727
286 462
35 74
2343 3207
74 2200
1631 5494
542 543
45 93
343 2252
2407 3400
612 967
4674 5478
1671 2880
3278 4541
346 4919
820 3348
469 1506
305 321
281 3751
1131 3586
1546 4189
306 877
716 1012
165 1866
740 2182
583 2616
477 1557
410 831
1993 2512
2721 4851
127 515
625 1178
4288 4289
508 4806
438 2069
604 3544
5248 5249
999 1988
870 2088
4008 4012
996 1870
2743 3695
410 977
3399 3400
3644 4646
791 3417
57 2416
3676 4362
90 476
2989 3964
2543 4403
1302 3406
600 3253
1419 2745
1579 5003
39 314
59 1240
606 4994
302 600
584 617
693 2303
191 604
921 1866
337 2771
262 5062
727 2014
3998 4220
2227 3404
1694 2713
1024 4360
788 1361
4238 4393
421 424
173 3087
2094 3559
915 1614
447 4991
1361 3458
217 4987
3462 4024
214 3100
52 1199
604 1644
2389 2390
1030 1988
606 2394
721 2044
151 497
447 910
567 2301
120 3289
1031 2774
518 4238
3920 3921
251 2010
5199 5876
76 1019
3368 5100
1068 1069
226 1992
353 814
2086 2484
598 2568
1117 1560
38 1467
73 2195
1857 2113
908 1557
765 1726
554 3545
960 1356
1534 3507
1546 4334
434 1029
672 4412
148 173
59 858
143 3117
132 1030
180 2466
745 2499
57 365
423 426
771 2973
2751 3512
344 3755
3359 4383
69 1534
2392 5704
3827 3829
189 745
2603 2947
604 788
4675 5723
1379 1414
1522 1567
170 214
1940 2555
3905 3906
780 3407
16 1264
481 2736
3833 5511
1304 3545
1546 1806
1993 2239
678 1477
2456 2910
2068 3011
2027 2973
5054 5055
2730 2743
338 1109
166 2547
1103 1846
238 586
1466 4183
836 1103
873 2973
4170 5045
164 460
861 1496
295 1430
14 3298
3025 5103
1539 3087
106 1515
991 2674
860 1588
1206 4108
444 1807
1586 2895
659 1324
62 3998
19 673
647 1719
122 308
179 935
81 3041
2029 3356
372 1608
3404 3837
2294 4257
1869 1951
1207 1240
3360 3521
606 2241
383 2120
5274 5275
288 876
408 3769
269 2416
1703 3978
908 2242
1178 2918
127 744
228 561
2219 4982
388 705
1567 4235
438 1627
672 4440
327 1272
3960 4591
2447 3399
3335 5002
3025 4098
607 2813
3980 4334
1594 1697
3743 3744
214 305
583 1112
4868 5168
41 3997
975 1158
2217 2219
3662 5124
966 3611
66 1242
991 4544
999 2911
335 904
1387 4170
173 1477
2428 4072
226 5766
183 1088
189 288
2681 2792
1548 2108
407 408
302 694
814 923
1208 1533
1940 1974
910 2220
3350 4223
587 5180
490 2709
1476 2294
3399 4874
1024 3461
4317 5220
57 950
243 863
1 1019
5078 5105
1361 2115
3135 4408
333 1872
1430 4189
742 1430
490 2487
3827 3892
604 1150
132 1862
118 123
640 1101
1003 2330
1003 1151
5208 5388
1992 2087
97 173
1430 3087
1190 2563
1014 3720
478 3109
93 217
1199 2464
1746 4189
1115 1265
913 1367
31 148
815 4051
16 243
135 3389
904 1134
4502 4503
708 1736
587 1417
2529 3926
1 242
3996 5249
1522 4127
889 1013
1233 4176
490 1724
281 3786
607 1131
165 1988
151 3397
539 3291
515 2221
81 189
678 4970
1178 2309
288 1521
1958 3819
182 2273
388 564
716 3433
602 2252
2603 3117
3855 5429
5546 5549
114 142
1264 4189
1484 4229
619 1207
66 301
1357 2030
1617 1644
1171 1984
0 195
1430 1631
771 3406
2808 4020
411 539
708 787
66 3688
1346 1677
327 3458
1297 1367
762 1168
1850 1881
4298 5186
458 613
4711 5115
2911 3769
2279 2343
785 1556
214 1966
640 744
3685 4187
771 4238
15 1548
1867 3207
513 598
1586 2329
1985 3920
18 1117
2984 3199
1532 2241
514 748
3404 4873
4135 4136
1562 5042
1682 1955
600 3687
515 746
2714 3402
353 2161
791 873
1233 2293
1958 2295
1171 2595
999 1867
874 2973
355 410
451 2477
301 302
640 1496
2759 3506
1111 5781
1118 4991
1617 3501
134 1274
66 708
31 874
2038 2039
1867 2343
826 2966
731 3987
135 2788
15 1254
1292 4030
1291 2389
2696 3162
2 5146
2526 4396
1452 4276
469 987
1415 2284
661 1793
613 1560
45 92
318 1232
2407 3403
1875 2714
166 996
124 2526
2599 3674
600 604
908 1872
4358 5388
165 1865
4558 5116
388 552
4001 4642
3209 3816
3228 4636
1466 1801
1807 2721
952 1847
167 956
2942 2943
189 708
143 4815
