0.07874603023212118  -0.07882298372629928  0.07636429659366395  0.014570790659842589  -0.013966740493043282  0.008647696987301372  0.08230115503874806  42.88963999106488  0.06150830132192695  41.948249677387956
0.07874603023212118  -0.07882298372629928  0.07636429659366395  0.014570790659842587  -0.013966740493043278  0.008647696987301372  0.08230115503874805  42.88963999106487  0.06150830132192693  41.948249677387935
0.07874603023212118  -0.07882298372629928  0.07636429659366395  0.014570790659842589  -0.013966740493043278  0.008647696987301372  0.08230115503874806  42.88963999106488  0.06150830132192695  41.948249677387956
0.07874603023212118  -0.07882298372629928  0.07636429659366395  0.014570790659842587  -0.013966740493043278  0.008647696987301372  0.08230115503874805  42.88963999106487  0.06150830132192693  41.948249677387935
0.07874603023212118  -0.07882298372629928  0.07636429659366394  0.014570790659842587  -0.013966740493043283  0.008647696987301372  0.08230115503874805  42.88963999106487  0.06150830132192693  41.948249677387935
0.07874603023212118  -0.07882298372629928  0.07636429659366395  0.014570790659842587  -0.013966740493043283  0.008647696987301372  0.08230115503874805  42.88963999106487  0.06150830132192693  41.948249677387935
0.07874603023212118  -0.07882298372629928  0.07636429659366395  0.014570790659842587  -0.013966740493043278  0.008647696987301372  0.08230115503874805  42.88963999106487  0.06150830132192693  41.948249677387935
0.07874603023212118  -0.07882298372629928  0.07636429659366394  0.014570790659842587  -0.013966740493043283  0.008647696987301374  0.08230115503874805  42.88963999106487  0.06150830132192693  41.948249677387935
0.07874603023212118  -0.07882298372629928  0.07636429659366394  0.014570790659842587  -0.013966740493043282  0.008647696987301374  0.08230115503874805  42.88963999106487  0.06150830132192693  41.948249677387935
0.07874603023212118  -0.07882298372629928  0.07636429659366395  0.014570790659842587  -0.013966740493043282  0.008647696987301372  0.08230115503874805  42.88963999106487  0.06150830132192693  41.948249677387935
0.07874603023212118  -0.07882298372629928  0.07636429659366394  0.014570790659842587  -0.013966740493043283  0.008647696987301374  0.08230115503874805  42.88963999106487  0.06150830132192693  41.948249677387935
0.07874603023212118  -0.07882298372629928  0.07636429659366395  0.014570790659842589  -0.013966740493043282  0.008647696987301372  0.08230115503874806  42.88963999106488  0.06150830132192695  41.948249677387956
0.07874603023212118  -0.07882298372629928  0.07636429659366395  0.014570790659842589  -0.013966740493043283  0.008647696987301372  0.08230115503874806  42.88963999106488  0.06150830132192695  41.948249677387956
0.07874603023212118  -0.07882298372629928  0.07636429659366395  0.014570790659842587  -0.013966740493043282  0.008647696987301372  0.08230115503874805  42.88963999106487  0.06150830132192693  41.948249677387935
0.07874603023212118  -0.07882298372629928  0.07636429659366395  0.014570790659842587  -0.013966740493043282  0.008647696987301369  0.08230115503874805  42.88963999106487  0.06150830132192693  41.948249677387935
0.07874603023212118  -0.07882298372629928  0.07636429659366394  0.014570790659842587  -0.013966740493043278  0.008647696987301374  0.08230115503874805  42.88963999106487  0.06150830132192693  41.948249677387935
0.07874603023212118  -0.07882298372629928  0.07636429659366394  0.014570790659842589  -0.013966740493043278  0.008647696987301372  0.08230115503874806  42.88963999106488  0.06150830132192695  41.948249677387956
0.07874603023212118  -0.07882298372629928  0.07636429659366394  0.014570790659842587  -0.013966740493043278  0.008647696987301376  0.08230115503874805  42.88963999106487  0.06150830132192693  41.948249677387935
0.07874603023212118  -0.07882298372629928  0.07636429659366394  0.014570790659842587  -0.013966740493043282  0.008647696987301374  0.08230115503874805  42.88963999106487  0.06150830132192693  41.948249677387935
0.07874603023212118  -0.07882298372629928  0.07636429659366395  0.014570790659842587  -0.013966740493043282  0.008647696987301372  0.08230115503874805  42.88963999106487  0.06150830132192693  41.948249677387935
0.07874603023212118  -0.07882298372629928  0.07636429659366395  0.014570790659842587  -0.013966740493043283  0.008647696987301372  0.08230115503874805  42.88963999106487  0.06150830132192693  41.948249677387935
0.07874603023212118  -0.07882298372629928  0.07636429659366394  0.014570790659842587  -0.013966740493043278  0.008647696987301372  0.08230115503874805  42.88963999106487  0.06150830132192693  41.948249677387935
0.07874603023212118  -0.07882298372629928  0.07636429659366395  0.014570790659842587  -0.013966740493043278  0.008647696987301374  0.08230115503874805  42.88963999106487  0.06150830132192693  41.948249677387935
0.07874603023212118  -0.07882298372629928  0.07636429659366394  0.014570790659842589  -0.013966740493043282  0.00864769698730137  0.08230115503874806  42.88963999106488  0.06150830132192695  41.948249677387956
0.07874603023212118  -0.07882298372629928  0.07636429659366395  0.014570790659842587  -0.013966740493043282  0.008647696987301374  0.08230115503874805  42.88963999106487  0.06150830132192693  41.948249677387935
