0.251999598231  -0.255960146955  0.384828799198  0.235869125736  -0.239795155725  0.374250725367  0.187528518545  inf  0.184344699668  inf
0.251999598231  -0.255960146955  0.384828799198  0.235869125736  -0.239795155725  0.374250725367  0.187528518545  inf  0.184344699668  inf
0.251999598231  -0.255960146955  0.384828799198  0.235869125736  -0.239795155725  0.374250725367  0.187528518545  inf  0.184344699668  inf
0.251999598231  -0.255960146955  0.384828799198  0.235869125736  -0.239795155725  0.374250725367  0.187528518545  inf  0.184344699668  inf
0.251999598231  -0.255960146955  0.384828799198  0.235869125736  -0.239795155725  0.374250725367  0.187528518545  inf  0.184344699668  inf
0.251999598231  -0.255960146955  0.384828799198  0.235869125736  -0.239795155725  0.374250725367  0.187528518545  inf  0.184344699668  inf
0.251999598231  -0.255960146955  0.384828799198  0.235869125736  -0.239795155725  0.374250725367  0.187528518545  inf  0.184344699668  inf
0.251999598231  -0.255960146955  0.384828799198  0.235869125736  -0.239795155725  0.374250725367  0.187528518545  inf  0.184344699668  inf
0.251999598231  -0.255960146955  0.384828799198  0.235869125736  -0.239795155725  0.374250725367  0.187528518545  inf  0.184344699668  inf
0.251999598231  -0.255960146955  0.384828799198  0.235869125736  -0.239795155725  0.374250725367  0.187528518545  inf  0.184344699668  inf
0.251999598231  -0.255960146955  0.384828799198  0.235869125736  -0.239795155725  0.374250725367  0.187528518545  inf  0.184344699668  inf
0.251999598231  -0.255960146955  0.384828799198  0.235869125736  -0.239795155725  0.374250725367  0.187528518545  inf  0.184344699668  inf
0.251999598231  -0.255960146955  0.384828799198  0.235869125736  -0.239795155725  0.374250725367  0.187528518545  inf  0.184344699668  inf
0.251999598231  -0.255960146955  0.384828799198  0.235869125736  -0.239795155725  0.374250725367  0.187528518545  inf  0.184344699668  inf
0.251999598231  -0.255960146955  0.384828799198  0.235869125736  -0.239795155725  0.374250725367  0.187528518545  inf  0.184344699668  inf
0.251999598231  -0.255960146955  0.384828799198  0.235869125736  -0.239795155725  0.374250725367  0.187528518545  inf  0.184344699668  inf
0.251999598231  -0.255960146955  0.384828799198  0.235869125736  -0.239795155725  0.374250725367  0.187528518545  inf  0.184344699668  inf
0.251999598231  -0.255960146955  0.384828799198  0.235869125736  -0.239795155725  0.374250725367  0.187528518545  inf  0.184344699668  inf
0.251999598231  -0.255960146955  0.384828799198  0.235869125736  -0.239795155725  0.374250725367  0.187528518545  inf  0.184344699668  inf
0.251999598231  -0.255960146955  0.384828799198  0.235869125736  -0.239795155725  0.374250725367  0.187528518545  inf  0.184344699668  inf
0.251999598231  -0.255960146955  0.384828799198  0.235869125736  -0.239795155725  0.374250725367  0.187528518545  inf  0.184344699668  inf
0.251999598231  -0.255960146955  0.384828799198  0.235869125736  -0.239795155725  0.374250725367  0.187528518545  inf  0.184344699668  inf
0.251999598231  -0.255960146955  0.384828799198  0.235869125736  -0.239795155725  0.374250725367  0.187528518545  inf  0.184344699668  inf
0.251999598231  -0.255960146955  0.384828799198  0.235869125736  -0.239795155725  0.374250725367  0.187528518545  inf  0.184344699668  inf
0.251999598231  -0.255960146955  0.384828799198  0.235869125736  -0.239795155725  0.374250725367  0.187528518545  inf  0.184344699668  inf
