0.3519227333740646  -0.3698518681720053  0.14421966199165864  0.41519313003071223  -0.3248809707259453  0.10169752915890987  0.21065244855867654  73.85652692832699  0.25109251607277094  97.34938924925358
0.3128882307054892  -0.3448269731695319  0.12882871133541463  0.43746948852585765  -0.3040403712030463  0.09280178307680466  0.19652141713233845  72.05390944875919  0.29800787786795474  145.78769439533346
0.43609440467015353  -0.4377711756033566  0.17398559613886586  0.41661145909183134  -0.41650633081307653  0.14396043570754458  0.2553925094678321  95.62441192033347  0.250944063127739  95.73413055760966
0.42487258954285445  -0.4318584712879482  0.16795979863624538  0.41669229832932664  -0.4166219342208214  0.1438946071237985  0.25292170068571496  95.56058357656619  0.2509336450897702  95.62331482343536
0.3064622017474158  -0.33928272045190805  0.12633412298338795  0.44779150527836176  -0.3045324124137319  0.09041695893317497  0.19763335689592929  74.43405212905081  0.3029383802188026  149.72255964660027
0.17987732572591789  -0.2634319657238804  0.09889616199008594  0.4174157471416661  -0.2478151548169913  0.08710210876973636  0.16454697235657523  81.46455392079018  0.36619342125318183  224.38056716307022
0.35896217624530796  -0.37319544873757865  0.14645128257974804  0.40868494749927714  -0.33850654655814216  0.11381472279333071  0.21473134445467817  74.63433124703171  0.24100807915450378  87.45492995373803
0.348315713873049  -0.36783013658695835  0.14728059720493733  0.4255953050199396  -0.3227037784855338  0.10192704462045364  0.2112160404308807  75.45601713833233  0.27768750460638797  123.57862087059075
0.4362770809548097  -0.43751965632834355  0.1719041827657393  0.4166363997100154  -0.4164693111497219  0.14392404697598596  0.2552952307615228  95.51536395985401  0.2508362794342828  95.60563742770391
0.42743329740198216  -0.4323058252158477  0.1653413852012611  0.4174679713693081  -0.4166219342208214  0.1438946071237985  0.252832389558195  94.89049994649316  0.24725252601423767  91.44427682291352
0.3139514940100912  -0.3399744817598826  0.12918889835057004  0.4498500144688047  -0.3084112235686471  0.09640740643403463  0.19954592721571765  72.98026398930337  0.3269730135649331  171.51377321514693
0.21684335055821624  -0.2732343419389249  0.09494383387898817  0.4172625484173385  -0.2645307581756845  0.080396534842694  0.1723688974334773  76.40633398676255  0.37974389625960614  241.38063055655832
0.39454864144675855  -0.40123302244379155  0.16043803690238426  0.41119679614217985  -0.35846282751487996  0.12265631553879773  0.230418850004919  81.3755848266798  0.20380204217814088  46.835370660626204
0.4057602835704822  -0.41206081285460894  0.1643914482331712  0.4144818703006408  -0.36381173354818486  0.12429695129312154  0.23817767798730088  86.66717702541213  0.2509797945347348  96.50725754703731
0.43839615768005114  -0.4387357411411556  0.17375370484295474  0.41662469894629883  -0.4164661310215493  0.1438974096924485  0.2565052767098464  96.42558590204496  0.2512917540269402  96.03734190260865
0.4379905278242684  -0.4387041673139338  0.17354681543503475  0.41662181503604434  -0.4166219342208214  0.1438946071237985  0.25644595554185895  96.43183161725126  0.2512797045198523  96.01618326346083
0.3577721511266433  -0.3736872130843067  0.14597144858029903  0.42222087233140077  -0.32489677498006314  0.10724825526460584  0.2176216755829144  78.78550619809795  0.27245590693233473  118.41181491750532
0.29328003689548343  -0.3268148115448064  0.12180013703615232  0.41694569686736377  -0.2858608333050393  0.09244992843780483  0.1998043694899382  80.86827127128775  0.333321582636832  188.286178087976
0.4082309071721121  -0.4122482785268665  0.16491719253704357  0.40528693765872836  -0.37833997331282243  0.130271799750348  0.23514347567411037  82.64846807655476  0.26831581429380574  118.37931342212829
0.42670352577304194  -0.42846828511738855  0.17050193888331577  0.4272050261629708  -0.39499683066979363  0.13522447144457636  0.24352395733367824  86.28771568385471  0.2226437161748573  63.10043777003808
0.438649432842086  -0.4388009514021439  0.17389848921178264  0.4166061764942415  -0.41650199116501285  0.14390457291583822  0.2567049622351698  96.58591861652415  0.2513104842226683  96.0557789548381
0.43877911211702136  -0.43888412990607695  0.17393400981570425  0.4167343058318739  -0.4166219342208214  0.1438946071237985  0.2567102280455214  96.56008440640692  0.2507283680813629  95.39027144690638
0.38274208370408963  -0.3919820300345149  0.1568566321748387  0.44786164170582365  -0.35262135589119287  0.1165219660813256  0.2248436338788588  79.11401156394324  0.24948837311786703  84.9069494616908
0.3467415226964201  -0.3648183265191177  0.1325158426306639  0.4311046569906474  -0.313661074752683  0.08939205337650596  0.217278684868847  83.99575591003936  0.25410421900946395  95.56618129011004
0.4207340758402508  -0.4228286659764972  0.16704157247005952  0.41883022431062916  -0.38848659420844606  0.13440543079154493  0.24254106496096237  86.92535486518308  0.20667877307320331  48.178473453437014
0.42844133135893614  -0.4300910527289482  0.1714352186855529  0.4211243288404838  -0.40105689086985785  0.1389078836355114  0.2447769083234444  86.9945588878981  0.24197352758315374  84.8665162510923
0.43879644667815215  -0.43885510994318827  0.17394787670637155  0.4166120630767631  -0.41656225444248507  0.14389012267079726  0.25675006686458257  96.60375125392696  0.2512900623026183  96.03146965972782
0.43882881130571644  -0.4388802650485532  0.17396696568073908  0.41669038351211835  -0.4166219342208214  0.1438946071237985  0.2566304120888222  96.4682924477136  0.25094301937476354  95.63395710161521
0.3956616199650939  -0.4020025905414326  0.16122384822991737  0.44507145151073646  -0.3645963691278086  0.12634474007169022  0.22740256041290363  78.08028432767043  0.24116139329767608  77.14469487822818
0.3873638431438263  -0.39552698550361176  0.15921518570436077  0.4393834777886395  -0.3524354173901816  0.12012237343089771  0.23035196260125565  83.70346192811522  0.23564562715911197  73.68984876122451
