0.426126532360847  -0.42659205554568036  0.16481887858154357  0.4082511940840879  -0.3992265869096309  0.13454184966120272  0.31562617685452193  164.7647282670744  0.3251682805508232  180.52788869310868
0.42569038187399966  -0.4264241084345091  0.1645402174512434  0.4058642544530453  -0.398849281799829  0.13339366371039116  0.3154444939537673  164.64972631567684  0.2924797483292166  144.17292923438006
0.4248042290680909  -0.4255517559203482  0.16363486323438514  0.40559516112089383  -0.39358460288600516  0.1308350503508901  0.31496007331715314  164.34668792147573  0.29471333371894703  146.92726362113063
0.42600418048047656  -0.42650441781532844  0.16382347466985694  0.4062583899912155  -0.3919827290425803  0.12831373085976333  0.31537802396848735  164.58619896531  0.2977931714843459  149.97261893898562
0.4256299926156756  -0.4261967309457229  0.164674628951051  0.4076579022952474  -0.39399621978643606  0.1304808842671895  0.3151088682637289  164.46605239417818  0.30417246036915746  157.24305852296592
0.4196711889355281  -0.42058731894444434  0.1603233676956379  0.4052099794095595  -0.39798796591076385  0.1316006151912903  0.3122675676828464  162.95383708534723  0.29613950413838064  148.70057960928733
0.42590034053602777  -0.4264570800099639  0.16388899614325222  0.40887533660019787  -0.398186686157569  0.13212603223200017  0.3155713990654271  164.7240829595139  0.2517479305777353  99.00216949202863
0.42228591674238936  -0.4233188557927261  0.16223810420752577  0.41029689627173277  -0.39507616729015427  0.1300759391586509  0.3134650240410102  163.53272993919316  0.28808956424906734  138.19083138569843
0.4221491750482496  -0.42308057969549767  0.1627237591157855  0.40689544061536737  -0.3993196542748897  0.13541176634114432  0.3136797125703799  163.76580182666135  0.29176608712447677  142.914954744279
0.42083297081042614  -0.42155200602615983  0.1617528882476174  0.40339237050367094  -0.391747158558017  0.1297493687541944  0.3123491251166079  162.86090306043184  0.3169696366237682  172.36987849656836
0.4218017540256547  -0.422400684150559  0.16461637893855038  0.40709047729576825  -0.39696543336582524  0.13296074746646314  0.31386118671001484  163.85050824993462  0.29048608901497214  141.72310600374627
0.42363896823697866  -0.42419397066149644  0.1627915276896563  0.40845554630535924  -0.39457226486843866  0.13164514270093064  0.313975657868405  163.75758809681187  0.2957018577850433  147.35163007170212
0.42368613986805176  -0.42442988105440654  0.16348823766909418  0.4118800826617131  -0.39644121867986026  0.13254338734889948  0.3144623778685546  164.09515882547572  0.30989660619359155  161.97552148421497
0.415762427313479  -0.41654166026734957  0.15973288536820818  0.40494065794464545  -0.39360534283399684  0.13187515370392278  0.30904711641674354  161.11534248907765  0.28436143665379  136.13309800180272
0.4252944953671613  -0.4258881600505455  0.16444630721368902  0.40542638692441835  -0.39578494770093475  0.1320106352695959  0.315311075370209  164.61346359053226  0.27924632656356774  129.72837660302613
0.4252913346886876  -0.4257982320128842  0.16411489142359637  0.41280611101353754  -0.3986089203744001  0.13252880702460915  0.3149154771017463  164.38832016821888  0.2549056862044881  101.19600076793999
0.42489389627195046  -0.42592452716164064  0.16448758108793146  0.4064417514048729  -0.39136064684397265  0.12747573351169914  0.31542696092029837  164.6562331290164  0.2832773574651835  133.96748340396758
0.42524247386860764  -0.4259050442077667  0.16426165229192768  0.40928886425207317  -0.4001032896886921  0.13295998713772048  0.3153276867515838  164.57527939663902  0.30334950066736527  155.32006810253688
0.42514844598223733  -0.4256756795788724  0.16456444757465494  0.41362964086291915  -0.3946224211220812  0.13194055537556135  0.31451576527660524  164.18722016830426  0.27723590229159095  125.45404170554657
0.4263244756535266  -0.4270428148246655  0.16431433374811946  0.40615062545169506  -0.39862035922057293  0.13340631426356542  0.31589178901685594  164.8372635059934  0.3157845224333483  170.26151297720494
0.4148670989017203  -0.41581815821579965  0.16036772645726372  0.4051711998035489  -0.3982268423576765  0.13304770445648628  0.3086924474309986  160.95808917793957  0.3279918891396216  185.1883615805066
0.42038271297524427  -0.42149085325391455  0.16270212555902552  0.40884528433797557  -0.4026256214956013  0.1344004273665893  0.31288457851027957  163.32546901849588  0.28832977801317605  138.9007675162199
0.42691707851792754  -0.427730540223617  0.16522193831781987  0.4102054640427796  -0.4004965360615692  0.13383397320625298  0.3163137295272857  165.13918591469107  0.30750228037450217  159.76455103516446
0.42550858415835324  -0.426273255035468  0.16449445201915994  0.40996060223865566  -0.39930025586410717  0.133286339081041  0.31511617316415796  164.44004086800024  0.28941163627905014  139.63367310492177
0.4259113139673851  -0.42651478416455646  0.1626716930291662  0.41023174365106224  -0.39306813903682347  0.13148239999485253  0.31549213779214885  164.6637392425678  0.3355257637434047  191.5138722203586
